
strategic_region={
	id=10
	name="STRATEGICREGION_10"
	provinces={
		90 302 420 833 1092 1216 1221 1446 1480 1518 1698 1781 1884 1927 2155 3105 3190 3296 3427 3525 3839 4157 4226 4234 4259 4275 4280 4378 4413 4622 4711 4799 4844 4870 4925 5502 5525 5827 5931 5945 6025 6219 6231 6271 6376 6449 6502 6623 6672 6691 6757 6818 6832 6866 6933 7045 7051 7061 7217 7394 7438 7604 7750 7764 7803 7830 8193 8287 8358 8362 8474 8503 8583 8712 8862 8903 8911 9063 9069 9334 9394 9426 9431 9435 9493 9498 9574 9585 10854 10920 10923 10946 10981 10993 11005 11050 11093 11131 11132 11167 11198 11199 11234 11282 11286 11340 11341 11354 11362 11366 11367 11375 11407 11408 11448 11449 11464 11513 11545 11546 11560 11566 11571 11572 11573 11580 11581 11589 11596 11604 11623 11629 11650 11676 11686 11687 11715 11716 11732 11736 11746 11772 11773 11784 11799 11820 11822 11823 11836 11844 11854 11878 11879 11880 11892 11921 11922 11924 11925 11945 11957 11966 11971 11986 12023 12034 12045 12087 12112 12160 12172 12177 12185 12247 12252 12340 16024 17161 17162 18011 19908 19921 19922 20545 20550 20551 20553 20554 20555 20564 20573 20578 20587 20597 21641 
	}
	weather={
	}
}
