
strategic_region={
	id=100
	name="STRATEGICREGION_100"
	provinces={
		55 114 138 193 274 378 537 549 555 806 940 1117 1163 1636 1951 2024 2396 2511 2589 2628 2783 2926 3104 3327 3442 3519 3712 3795 4149 4222 4417 5108 5245 5293 5369 5431 5474 5717 5954 6310 6422 6852 6897 7032 7039 7054 7076 7931 8497 8521 8522 8526 8851 9014 9036 9131 9188 9242 9324 9345 9380 9626 13523 13531 13569 13627 13652 13686 13699 13720 13753 13759 13765 13766 13772 13791 13815 13826 13832 13844 13887 13888 13901 13905 13910 13927 13997 14022 15855 15884 19324 19325 
	}
	weather={
	}
}
