
strategic_region={
	id=101
	name="STRATEGICREGION_101"
	provinces={
		61 89 310 467 664 891 1610 1813 1832 1867 1984 2476 2583 2596 2619 2714 2759 2834 2838 3032 3174 3223 3408 3577 3700 3766 3800 3896 3909 3932 4111 4208 4309 4407 4426 4659 4741 4912 5071 5271 5302 5308 5329 5332 5380 5448 5566 5678 5716 5929 6066 6403 6775 6978 6995 7218 7355 7366 7504 7529 7710 7864 7885 7909 8046 8091 8128 8168 8214 8223 8280 8341 8628 8639 8683 8729 8781 9057 9121 9124 9140 9306 9471 9483 9494 9570 13173 13232 13238 13277 13322 13323 13324 13342 13353 13358 13365 13381 13396 13402 13421 13425 13435 13439 13443 13462 13476 13486 13496 13497 13558 13563 13568 13572 13573 13599 13612 13613 13639 13648 13655 13668 13704 13706 13713 13717 13738 13750 13751 13774 13779 13783 13789 13828 13862 13866 13885 13894 13898 13903 13909 13912 13916 13944 13945 13952 13953 13962 13968 13972 13987 13994 14000 14001 14010 14058 14112 14136 14150 14164 15945 15952 18459 18619 18773 19176 20017 20018 20799 20809 20810 20811 20812 20813 20814 20815 20816 20817 20819 20820 20821 20822 20823 20824 20825 20826 20827 20828 20829 20830 20831 20832 20833 20834 20835 20836 20837 20838 20840 20841 20842 20843 20845 20846 20847 20848 20849 20850 20851 20852 20866 
	}
	weather={
		period={
			between={ 0.0 30.11 }
			temperature={ -4.0 20.0 }
			no_phenomenon=0.500
			rain_light=0.300
			rain_heavy=0.050
			snow=0.200
			blizzard=0.000
			arctic_water=0.000
			mud=0.300
			sandstorm=0.000
			min_snow_level=0.000
		}
	}
}
