
strategic_region={
	id=101
	name="STRATEGICREGION_101"
	provinces={
		225 260 314 362 393 448 499 520 613 872 933 1015 1456 1495 1595 2008 2021 2069 2329 2475 2524 2532 2633 2825 3002 3136 3254 3268 3498 3632 3711 4244 4379 4630 5201 5281 5825 6077 6083 6911 7125 7150 7364 7398 7423 7450 7455 8030 8101 8340 8437 8792 9024 9147 9220 9239 9323 9602 12270 12349 12407 12465 12477 12500 12501 12546 12554 12590 12603 12643 12650 12651 12668 12683 12684 12724 12725 12756 12795 12802 12803 12843 12879 12885 12890 12906 12921 12927 12935 12950 12990 12999 13043 13064 13077 13157 13196 13227 13235 15768 
	}
	weather={
	}
}
