
strategic_region={
	id=102
	name="STRATEGICREGION_102"
	provinces={
		522 627 1063 1095 1213 1351 1540 1582 1687 1816 1818 2076 2188 2493 2646 2917 3206 3375 3543 4359 4361 4803 4826 5103 5313 5335 5424 5466 5539 5570 5823 5965 6040 6134 6232 6619 6642 6965 7041 7074 7855 8076 8115 8327 8738 8748 9006 9283 14971 14994 15018 15031 15039 15044 15051 15052 15055 15059 15060 15068 15082 15091 15102 15107 15112 15114 15126 15151 15162 15165 15176 15186 15198 15219 15220 15224 15238 15242 15508 18588 21516 21519 21520 21521 21522 21525 21526 21527 21528 21529 21530 21533 21534 21536 21538 21540 21541 21542 21543 21544 21545 21546 21597 21620 21630 21631 21632 21633 
	}
	weather={
	}
}
