
strategic_region={
	id=103
	name="STRATEGICREGION_103"
	provinces={
		33 444 551 574 781 847 1098 1182 1490 1997 2379 2425 2513 2690 3746 3910 4032 4414 4477 4983 5221 5362 5403 5459 5711 5880 5883 5924 5978 6042 6270 6409 6723 6761 6769 6778 6790 6888 6925 6980 7668 7925 7984 8258 8355 8399 9079 9223 9351 15188 15211 15253 15256 15262 15275 15301 15312 15328 15347 15348 15369 15371 15375 15397 15407 15420 15424 15431 15435 15446 15457 15462 15465 15481 15482 15486 15489 15534 15545 15549 19197 21312 21315 21316 21317 21334 21345 21350 21351 21352 21355 21362 21366 21370 21372 21375 21390 21393 21396 21401 21404 21413 21420 21424 21474 21476 21478 21482 21483 21496 21497 21505 21510 21582 21615 21628 21629 
	}
	weather={
		period={
			between={ 0.0 30.11 }
			temperature={ -4.0 20.0 }
			no_phenomenon=0.500
			rain_light=0.300
			rain_heavy=0.050
			snow=0.200
			blizzard=0.000
			arctic_water=0.000
			mud=0.300
			sandstorm=0.000
			min_snow_level=0.000
		}
	}
}
