
strategic_region={
	id=106
	name="STRATEGICREGION_106"
	provinces={
		17 66 112 147 151 254 776 865 945 965 1054 1147 1214 1245 1641 1680 1724 1971 2097 2275 2335 2390 2406 2507 2617 2648 2669 2717 2801 3179 3320 3324 3340 3478 3941 4185 4202 4305 4707 4869 4987 4991 5123 5237 5401 5429 5469 5523 5661 6001 6139 6473 6828 7249 7508 7799 7924 8175 8234 8379 8418 8481 8674 8675 8777 8879 8915 9191 9296 9304 9447 9631 9676 11953 12300 12842 12850 12966 12982 13007 13020 13072 13098 13142 13148 13156 13162 13188 13195 13215 13234 13263 13279 13290 13305 13317 13344 13368 13378 13398 13406 13412 13440 13477 13478 13504 13505 13550 13551 13570 13575 13581 13582 13590 13610 13628 13642 13673 13687 13709 13735 15840 15847 15854 19084 19088 
	}
	weather={
	}
}
