
strategic_region={
	id=107
	name="STRATEGICREGION_107"
	provinces={
		72 119 313 331 536 616 695 819 947 1073 1100 1281 1445 1542 1543 1578 1597 1679 1683 1701 1873 2025 2158 2255 2357 2457 2547 2691 2750 2916 3066 3175 3267 3666 3684 3690 3706 3709 3811 3886 3974 4058 4121 4130 4221 4257 4320 4388 4580 4586 4629 4660 4663 4676 4731 4837 4854 5422 5453 5464 5631 5655 5689 5694 5746 5757 5882 5888 5910 5957 6021 6100 6126 6131 6162 6178 6239 6511 6521 6628 6644 6646 6680 6734 6981 6996 7008 7102 7148 7169 7182 7369 7385 7436 7525 7547 7747 7772 7831 7910 7979 8006 8203 8291 8295 8363 8380 8427 8436 8652 8698 8945 9061 9169 9209 9329 9542 9586 9591 9606 9633 12476 12532 12574 12575 12589 12602 12609 12618 12649 12667 12707 12734 12745 12751 12765 12774 12789 12794 12801 12809 12827 12828 12831 12832 12866 12867 12868 12874 12897 12934 12949 12988 12989 12997 12998 13006 13019 13042 13051 13063 13085 13093 13102 13109 13110 13141 13147 13174 13184 13203 13242 13250 13258 13272 13283 13284 13315 13316 13328 13337 13382 13387 13390 13405 13427 13436 13450 13458 15779 15869 15875 18644 19107 19108 
	}
	weather={
	}
}
