
strategic_region={
	id=107
	name="STRATEGICREGION_107"
	provinces={
		422 508 642 994 1224 1374 1475 1721 2203 2432 2528 2708 2843 3007 3078 3178 3283 3398 3476 3685 3759 3768 3841 3950 4022 4514 4530 4592 4753 4774 4841 4865 4871 4897 4946 5117 5131 5497 5572 5605 5613 5811 5916 5936 6190 6243 6291 7024 7211 7238 7552 7580 7688 7845 7912 8013 8039 8154 8198 8278 8394 8411 8597 8730 8752 8989 9157 9163 9164 9204 9258 9383 9390 9408 9595 9605 12598 12638 12639 12660 12665 12674 12687 12710 12717 12730 12731 12732 12761 12772 12791 12792 12815 12858 12862 12863 12889 12892 12903 12916 12918 12919 12932 12939 12954 12969 12970 13025 13036 13048 13049 13054 13080 13100 13107 13121 13130 13135 13172 13177 13186 13200 13213 13223 13275 13276 13286 13304 13308 13332 13341 13352 13357 13374 13384 13420 13424 13442 13448 13455 13461 13474 13475 13512 13513 13546 13547 13571 13586 13607 13620 13638 13667 18848 18962 20726 20765 20769 20770 20771 20772 20773 20774 20775 20776 20777 20778 20779 20780 20781 20782 20783 20784 20785 20786 20787 20788 20789 20790 20791 20792 20793 20794 20795 20796 20797 20798 20800 20801 20802 20803 20804 20805 20806 20807 20808 
	}
	weather={
		period={
			between={ 0.0 30.11 }
			temperature={ -4.0 20.0 }
			no_phenomenon=0.500
			rain_light=0.300
			rain_heavy=0.050
			snow=0.200
			blizzard=0.000
			arctic_water=0.000
			mud=0.300
			sandstorm=0.000
			min_snow_level=0.000
		}
	}
}
