
strategic_region={
	id=109
	name="STRATEGICREGION_109"
	provinces={
		263 327 513 759 864 1006 1261 1391 1651 1812 2007 2013 2035 2090 2220 2245 2387 2408 2534 2563 2846 3237 3288 3483 3854 4099 4193 4375 4550 4761 4763 5361 5543 6114 6251 6538 6636 6726 6845 6971 7017 7171 7321 7807 7878 7889 7986 8028 8096 8132 8282 8289 8309 8395 8409 8626 8689 8813 8823 8949 9265 9363 9415 9487 9563 9615 10744 10779 10922 10988 10989 11010 11021 11035 11046 11047 11079 11126 11153 11202 11213 11239 11280 11287 11335 11386 11411 11426 11442 11474 11520 11561 11592 11607 11647 11656 11657 11695 11750 11826 15876 15899 17858 18238 20933 
	}
	weather={
		period={
			between={ 0.0 30.11 }
			temperature={ -4.0 20.0 }
			no_phenomenon=0.500
			rain_light=0.300
			rain_heavy=0.050
			snow=0.200
			blizzard=0.000
			arctic_water=0.000
			mud=0.300
			sandstorm=0.000
			min_snow_level=0.000
		}
	}
}
