
strategic_region={
	id=11
	name="STRATEGICREGION_11"
	provinces={
		332 854 1037 1067 1562 2167 2485 2876 3182 3212 3617 3904 3930 3984 4442 4557 5259 5266 5322 5425 5614 5693 6045 6140 6180 6250 6475 6515 6534 6575 6758 6959 7107 7208 7281 7495 7753 7914 8095 8125 8274 8402 8552 8620 8816 9090 9461 9490 9555 9562 11877 12005 12022 12044 12055 12071 12086 12102 12119 12123 12132 12195 12202 12203 12228 12246 12269 12278 12288 12299 12307 12313 12322 12339 12347 12364 12394 12405 12449 12457 12458 12552 12567 12594 12600 12624 12625 12656 12675 12690 12711 12718 12818 12829 12839 12864 19942 20584 20598 20599 20600 20601 20602 20603 20604 20605 20606 20607 21640 
	}
	weather={
	}
}
