
strategic_region={
	id=110
	name="STRATEGICREGION_110"
	provinces={
		74 726 753 1440 1669 2040 2732 2758 2815 3176 3297 4003 4281 4465 5057 5548 5786 5977 6004 6386 6425 7042 7951 8015 8022 8081 8088 8389 8782 9452 9458 10127 10150 10180 10208 10293 10299 10319 10327 10330 10354 10364 10382 10399 10404 10405 10435 10446 10456 10492 15902 16000 16250 16293 16319 16358 16362 16532 16564 16581 16625 16690 16691 16728 16777 16956 16998 17017 17213 17333 17338 17471 17585 17636 17727 17793 17800 17810 18012 18166 18212 18225 18259 18592 18627 18755 19003 19020 19051 19089 19964 19970 
	}
	weather={
		period={
			between={ 0.0 30.11 }
			temperature={ -4.0 20.0 }
			no_phenomenon=0.500
			rain_light=0.300
			rain_heavy=0.050
			snow=0.200
			blizzard=0.000
			arctic_water=0.000
			mud=0.300
			sandstorm=0.000
			min_snow_level=0.000
		}
    }
}
