
strategic_region={
	id=111
	name="STRATEGICREGION_111"
	provinces={
		130 450 482 1211 1424 2160 2192 2679 2808 3309 3792 4044 4396 4762 4964 5254 5455 5871 6617 6857 7312 8090 8894 8974 9967 9970 9973 9984 9985 9988 9989 10005 10012 10028 10037 10052 10067 10071 10078 16059 16083 16277 16396 16751 16794 16878 17011 17042 17070 17111 17228 17400 17522 17529 17660 17744 17761 18145 18223 18289 18548 18778 19010 19014 19049 19074 
	}
	weather={
		period={
			between={ 0.0 30.11 }
			temperature={ -4.0 20.0 }
			no_phenomenon=0.500
			rain_light=0.300
			rain_heavy=0.050
			snow=0.200
			blizzard=0.000
			arctic_water=0.000
			mud=0.300
			sandstorm=0.000
			min_snow_level=0.000
		}
    }
}
