
strategic_region={
	id=112
	name="STRATEGICREGION_112"
	provinces={
		209 224 304 339 665 799 957 971 1002 1499 1514 1791 2262 2510 2795 2809 2867 3090 3262 3473 3977 4733 5000 5204 5652 5810 5850 5907 6023 6662 6805 6904 7373 7382 7857 7929 9186 9784 9789 9791 9799 9811 9813 9816 9822 9827 9828 9836 9849 9850 9860 9861 9863 9869 18521 18522 18523 18524 18534 18562 18584 18606 18659 18693 18710 18721 18723 18734 18780 18950 18953 18971 18978 18980 18986 18987 18988 18989 18995 18997 19006 19021 19275 19279 19282 19667 19679 19680 19681 19682 19683 19684 19685 19686 19687 19688 19689 19696 19697 19700 19703 
	}
	weather={
		period={
			between={ 0.0 30.11 }
			temperature={ -4.0 20.0 }
			no_phenomenon=0.500
			rain_light=0.300
			rain_heavy=0.050
			snow=0.200
			blizzard=0.000
			arctic_water=0.000
			mud=0.300
			sandstorm=0.000
			min_snow_level=0.000
		}
	}
}
