
strategic_region={
	id=113
	name="STRATEGICREGION_113"
	provinces={
		345 348 405 599 894 959 1659 1864 1915 2071 2218 2342 2642 2645 2805 2813 3003 3062 3069 3247 3261 3315 3367 3402 3410 3502 3546 3618 3715 3782 3809 3821 3884 3920 4073 4162 4451 5022 5130 5136 5242 5264 5283 5638 5841 5852 6318 7151 7231 7244 7320 7376 8018 8053 8202 8211 8707 9228 9404 9619 9667 9781 9812 9825 9829 9844 9851 9853 9862 9864 9871 9877 9890 9900 9905 9917 9942 9943 9947 9949 9951 9959 16054 16130 16136 16143 16211 16240 16254 16312 16419 16443 16452 16528 16549 16574 16583 16602 16663 16702 16709 16763 16824 16842 16855 16883 17080 17091 17101 17113 17240 17252 17325 17353 17408 17449 17565 17580 17603 17610 17622 17689 17773 17908 17983 18028 18072 18124 18129 18142 18164 18231 18286 18405 18475 18504 18513 18515 18517 18519 18559 18578 18581 18637 18645 18648 18663 18669 18751 18757 18760 18772 18945 18946 18958 18964 18965 18972 18975 18982 18984 18991 19001 19008 19009 19045 19047 19283 19287 19290 19292 19664 19669 19678 19691 19692 19694 19698 19699 19704 19712 19716 19717 19726 
	}
	weather={
		period={
			between={ 0.0 30.11 }
			temperature={ -4.0 20.0 }
			no_phenomenon=0.500
			rain_light=0.300
			rain_heavy=0.050
			snow=0.200
			blizzard=0.000
			arctic_water=0.000
			mud=0.300
			sandstorm=0.000
			min_snow_level=0.000
		}
	}
}
