
strategic_region={
	id=115
	name="STRATEGICREGION_115"
	provinces={
		16 19 51 137 170 200 201 285 346 364 463 464 533 591 604 667 688 718 786 829 838 844 986 1004 1279 1330 1451 1481 1675 1961 1979 2078 2123 2127 2375 2405 2754 2864 2999 3087 3093 3113 3280 3477 3728 3922 4357 4511 4786 4954 5286 5531 5830 5897 6059 6342 7164 7656 7958 8058 8450 9628 9686 9688 9691 9696 9702 9703 9705 9709 9710 9715 9724 9726 15913 15995 16016 16063 16171 16192 16291 16307 16315 16380 16381 16433 16518 16560 16596 16657 16951 16958 17059 17121 17187 17247 17393 17473 17494 17496 17562 17581 17700 17823 17969 17979 17982 18004 18052 18109 18156 18207 18496 18498 18499 18501 18506 18510 18511 18518 18555 18561 18564 18607 18621 18622 18657 18675 18687 18695 18718 18732 18754 18768 18808 18811 18817 18819 18824 18828 18830 18833 18854 18855 18856 18857 18861 18867 19246 19247 19252 19254 19257 19561 19670 19671 19672 19673 19674 19675 19707 19708 19709 19710 19723 
	}
	weather={
		period={
			between={ 0.0 30.11 }
			temperature={ -4.0 20.0 }
			no_phenomenon=0.500
			rain_light=0.300
			rain_heavy=0.050
			snow=0.200
			blizzard=0.000
			arctic_water=0.000
			mud=0.300
			sandstorm=0.000
			min_snow_level=0.000
		}
	}
}
