
strategic_region={
	id=116
	name="STRATEGICREGION_116"
	provinces={
		32 42 59 107 116 374 384 388 390 402 472 639 742 749 774 780 900 961 1112 1128 1191 1293 1523 1529 1560 1625 1695 1715 1807 1862 1883 1955 1975 2042 2084 2413 2418 2455 2500 2548 2592 2629 2632 2810 3120 3204 3348 3528 3657 4079 4083 4453 4747 4813 6119 6222 6602 7335 7526 9113 9684 9689 9700 9701 9711 9716 9717 9723 9725 9727 9729 18539 18680 18821 18859 18880 19245 19260 19438 19451 19492 19493 19494 19495 19496 19497 19498 19499 19500 19501 19502 19503 19504 19505 19506 19507 19508 19509 19510 19511 19512 19513 19514 19515 19529 19676 19677 
	}
	weather={
		period={
			between={ 0.0 30.11 }
			temperature={ -4.0 20.0 }
			no_phenomenon=0.500
			rain_light=0.300
			rain_heavy=0.050
			snow=0.200
			blizzard=0.000
			arctic_water=0.000
			mud=0.300
			sandstorm=0.000
			min_snow_level=0.000
		}
	}
}
