
strategic_region={
	id=117
	name="STRATEGICREGION_117"
	provinces={
		461 470 631 795 851 958 1133 1285 1426 1924 1987 2004 2442 2631 2832 4533 4594 4877 5024 5042 5172 5398 5427 5526 6054 6133 6206 6284 6323 6606 6740 6802 6871 7053 7276 7309 7791 7940 8213 8343 8393 8703 8876 9462 9482 9594 9832 9848 9852 9859 9865 9880 9888 9893 9896 9902 9908 9909 9910 9923 9940 9941 9955 9960 9966 18611 18633 18707 19005 19017 19025 19042 19046 19285 19286 19654 19655 19656 19661 19662 19663 19668 19690 19693 19701 19702 19705 19715 
	}
	weather={
		period={
			between={ 0.0 30.11 }
			temperature={ -4.0 20.0 }
			no_phenomenon=0.500
			rain_light=0.300
			rain_heavy=0.050
			snow=0.200
			blizzard=0.000
			arctic_water=0.000
			mud=0.300
			sandstorm=0.000
			min_snow_level=0.000
		}
	}
}
