
strategic_region={
	id=118
	name="STRATEGICREGION_118"
	provinces={
		290 376 391 526 710 767 809 988 1056 1065 1118 1194 1337 1447 1476 1515 1939 2230 2302 2618 2911 3009 3199 3411 3842 3879 3889 3951 4115 4168 4262 4364 4415 4643 4788 5023 5045 5084 5147 5316 5481 5864 5994 6172 6572 7418 7496 7941 8142 8429 8804 9067 9275 9361 9511 9732 9733 9741 9748 9751 9752 9757 9761 9762 9763 9772 9782 9793 9805 16385 16567 17712 18273 18535 18623 18651 18708 18872 18888 18889 18907 18927 18930 18954 19271 19652 19653 19665 19666 19695 
	}
	weather={
		period={
			between={ 0.0 30.11 }
			temperature={ -4.0 20.0 }
			no_phenomenon=0.500
			rain_light=0.300
			rain_heavy=0.050
			snow=0.200
			blizzard=0.000
			arctic_water=0.000
			mud=0.300
			sandstorm=0.000
			min_snow_level=0.000
		}
	}
}
