
strategic_region={
	id=119
	name="STRATEGICREGION_119"
	provinces={
		37 50 75 78 131 168 178 229 248 252 325 369 407 419 426 446 481 559 615 645 646 817 837 855 905 932 970 980 1007 1081 1144 1202 1229 1331 1395 1418 1465 1527 1534 1550 1607 1632 1949 1967 2039 2060 2096 2222 2241 2338 2401 2436 2466 2479 2501 2521 2551 2913 2996 3094 3122 3343 3360 3522 3650 3671 3832 3995 3996 4048 4349 4674 4756 4802 5211 5325 5822 6028 6306 6448 6504 6564 6825 7134 7145 7222 7245 7558 7652 8663 8701 8873 9491 9687 9690 9693 9707 9708 9712 9721 9722 9731 9738 9747 9754 9756 9766 9767 9777 18532 18546 18591 18595 18758 18771 18829 18845 18894 18909 19248 19250 19251 19253 19255 19256 19258 19259 19261 19262 19263 19265 19269 19441 19442 19471 19472 19473 19474 19475 19476 19477 19478 19479 19480 19481 19482 19483 19484 19485 19486 19487 19488 19490 19491 19516 19517 19518 19519 19520 19522 19540 19549 19550 19551 19552 19553 19554 19555 19556 19557 19558 19559 19560 19578 19579 19580 19581 19582 19583 19584 19585 19586 19587 19588 19589 19590 19605 
	}
	weather={
		period={
			between={ 0.0 30.11 }
			temperature={ -4.0 20.0 }
			no_phenomenon=0.500
			rain_light=0.300
			rain_heavy=0.050
			snow=0.200
			blizzard=0.000
			arctic_water=0.000
			mud=0.300
			sandstorm=0.000
			min_snow_level=0.000
		}
	}
}
