
strategic_region={
	id=120
	name="STRATEGICREGION_120"
	provinces={
		128 216 268 275 316 757 825 911 1005 1233 1348 1375 1505 1588 1654 1841 2252 2391 2435 2549 2886 2968 2997 2998 3109 3127 3387 3425 3752 3808 3814 3867 5127 5309 5411 6976 7327 7683 7934 8231 8242 8306 8398 8403 8836 9200 9502 9768 9776 9779 9785 9788 9792 9797 9814 18566 18602 18698 18913 18915 18922 18933 18940 18957 18974 19270 19272 19273 19276 19278 19439 19440 19443 19444 19467 19468 19469 19470 19521 19548 19571 19572 19573 19574 19576 19577 
	}
	weather={
		period={
			between={ 0.0 30.11 }
			temperature={ -4.0 20.0 }
			no_phenomenon=0.500
			rain_light=0.300
			rain_heavy=0.050
			snow=0.200
			blizzard=0.000
			arctic_water=0.000
			mud=0.300
			sandstorm=0.000
			min_snow_level=0.000
		}
	}
}
