
strategic_region={
	id=121
	name="STRATEGICREGION_121"
	provinces={
		128 181 216 1233 1348 1400 1841 1999 2020 2263 2435 2549 2886 2968 3127 3752 3867 4626 5127 6976 7635 8242 8306 8398 8403 8828 9521 9768 9785 9792 9802 9820 9830 18698 18913 18922 19270 19278 19439 19440 19443 19444 19460 19464 19465 19466 19467 19468 19469 19470 19521 19528 
	}
	weather={
		period={
			between={ 0.0 30.11 }
			temperature={ -4.0 20.0 }
			no_phenomenon=0.500
			rain_light=0.300
			rain_heavy=0.050
			snow=0.200
			blizzard=0.000
			arctic_water=0.000
			mud=0.300
			sandstorm=0.000
			min_snow_level=0.000
		}
    }
}
