
strategic_region={
	id=122
	name="STRATEGICREGION_122"
	provinces={
		23 475 492 611 653 725 1355 1478 1623 1820 1850 1902 1925 1926 1992 2231 2440 2441 2523 2604 2935 2971 3028 3439 3583 3702 3938 4084 4311 4345 4419 4434 4593 4650 4842 4966 5287 5408 5452 5492 5544 5646 5684 6012 6326 6361 6482 6820 6850 6946 6948 6969 7790 7999 8048 8182 8218 8531 8550 8558 8724 8743 9027 9142 9567 9815 9885 9886 9916 9922 9927 9958 9963 9976 9978 9979 9991 9994 9995 9999 10004 10006 10007 10010 10023 10024 10029 10057 10080 10088 18590 19289 19293 19295 19296 19299 19424 19425 19426 19427 19429 19430 19431 19432 19433 19434 19435 19436 19437 19445 19446 19447 19448 19449 
	}
	weather={
		period={
			between={ 0.0 30.11 }
			temperature={ -4.0 20.0 }
			no_phenomenon=0.500
			rain_light=0.300
			rain_heavy=0.050
			snow=0.200
			blizzard=0.000
			arctic_water=0.000
			mud=0.300
			sandstorm=0.000
			min_snow_level=0.000
		}
	}
}
