
strategic_region={
	id=123
	name="STRATEGICREGION_123"
	provinces={
		338 580 588 711 738 842 1106 1155 1383 1517 1602 1742 1798 1835 1844 1958 1989 2063 2146 2474 2515 2607 2701 2962 3210 3313 3352 3421 3516 3545 3584 3692 3899 3916 4039 4224 4571 4619 4645 4811 4872 4886 5051 5304 5438 5501 5886 5901 5975 6145 6157 6315 6329 6413 6455 6621 6666 6674 6780 6817 6907 7259 7298 7323 7431 7773 7993 8005 8008 8066 8197 8243 8572 8953 8982 8990 9096 9470 9481 9486 9540 9938 9961 10008 10015 10017 10039 10063 10068 10074 10077 10091 10103 10104 10110 10120 10125 10133 10137 10144 10158 10159 10162 10163 10164 10169 10182 10184 10185 10187 10191 10210 10211 10214 10215 10241 10242 10248 10250 10255 10262 10263 10265 10266 10268 10285 10292 10306 10309 10322 10339 10378 10387 10397 10421 10466 18580 18587 18684 19058 19062 19063 19068 19069 19070 19076 19083 19099 19297 19301 19302 19303 19304 19305 19306 19309 19531 19532 19534 19535 19543 19564 19565 19566 19567 19594 19595 19597 19599 19603 19628 19629 19630 19631 19632 
	}
	weather={
		period={
			between={ 0.0 30.11 }
			temperature={ -4.0 20.0 }
			no_phenomenon=0.500
			rain_light=0.300
			rain_heavy=0.050
			snow=0.200
			blizzard=0.000
			arctic_water=0.000
			mud=0.300
			sandstorm=0.000
			min_snow_level=0.000
		}
	}
}
