
strategic_region={
	id=124
	name="STRATEGICREGION_124"
	provinces={
		129 287 501 515 565 735 752 784 869 903 944 1030 1058 1157 1392 1415 1549 1565 1977 2098 2099 2178 2199 2318 2386 2616 2651 2745 2858 2892 2897 3008 3011 3071 3166 3312 3737 3857 4286 4312 4671 4710 4890 5272 5430 5476 5580 5606 5686 5721 5743 5747 5844 6215 6554 6872 7078 7080 7263 7662 7877 7891 8000 8087 8678 8771 8861 8871 8902 9158 9321 9339 9505 9621 9778 9809 9843 9846 9855 9868 9883 9895 9904 9907 9936 9946 9948 9952 9972 9977 9993 9998 10000 10011 10019 10025 10027 10030 10043 10045 10047 10051 10058 10065 10084 10092 18665 18769 19012 19048 19055 19056 19060 19064 19093 19280 19288 19294 19536 19537 19538 19539 19541 19542 19544 19545 19546 19547 19562 19568 19569 19570 19575 19591 19592 19593 19600 19601 19602 19633 
	}
	weather={
		period={
			between={ 0.0 30.11 }
			temperature={ -4.0 20.0 }
			no_phenomenon=0.500
			rain_light=0.300
			rain_heavy=0.050
			snow=0.200
			blizzard=0.000
			arctic_water=0.000
			mud=0.300
			sandstorm=0.000
			min_snow_level=0.000
		}
	}
}
