
strategic_region={
	id=125
	name="STRATEGICREGION_125"
	provinces={
		100 174 835 1208 1340 1366 1448 1662 1794 1903 2032 2229 2470 2887 3047 3226 3301 3535 3623 3627 3679 3751 3998 4229 4317 4472 4525 4917 4949 4951 5307 5415 5489 5522 6198 6256 6366 6384 6454 6491 6609 6747 6831 6843 6889 7049 7069 7088 7203 7226 7342 7410 7459 7754 7948 8068 8264 8715 8750 8807 8853 8933 9011 9025 9032 9207 9362 9416 9609 13694 13715 13769 13786 13794 13802 13810 13818 13846 13851 13852 13857 13869 13882 13883 13891 13892 13921 13935 14005 14006 14054 14068 14070 14101 14106 14111 14121 14122 14129 14141 14152 14159 14169 14180 14181 14187 14220 14234 14261 14269 14288 14291 14342 14352 14366 14395 14400 14416 14454 19816 19818 19824 19825 19826 20494 
	}
	weather={
		period={
			between={ 0.0 30.11 }
			temperature={ -4.0 20.0 }
			no_phenomenon=0.500
			rain_light=0.300
			rain_heavy=0.050
			snow=0.200
			blizzard=0.000
			arctic_water=0.000
			mud=0.300
			sandstorm=0.000
			min_snow_level=0.000
		}
	}
}
