
strategic_region={
	id=13
	name="STRATEGICREGION_13"
	provinces={
		741 827 960 1156 1176 1232 1528 1576 1911 2117 2129 2194 2753 2863 3146 3347 3505 3596 3778 3850 3963 3994 4012 4232 4300 4522 4965 5020 5223 5277 5385 5454 5590 5762 5935 5956 6078 6245 6539 6664 6730 6815 7095 7187 7297 7492 7780 8212 8220 8586 8606 8627 8884 9253 9400 9647 14324 14369 14403 14415 14525 14572 14574 14598 14608 14619 14623 14630 14633 14649 14650 14654 14656 14672 14676 14686 14691 14693 14697 14699 14703 14704 14710 14719 14735 14742 14743 14746 14755 14761 14762 14766 14791 14801 14819 14841 14860 17167 18389 20363 20364 20365 20366 20379 20381 20382 20383 20385 20417 
	}
	weather={
	}
}
