
strategic_region={
	id=131
	name="STRATEGICREGION_131"
	provinces={
		156 239 435 589 802 850 938 1231 1244 1731 1743 1769 1787 1910 2011 2064 2118 2142 2264 2332 2433 2697 2977 2988 3118 3126 3518 3670 3948 4042 4272 4315 4430 4616 4644 4986 5081 5278 5292 5319 5486 5552 5630 5633 6165 6391 6681 6952 7152 7499 7609 7794 8323 8326 8414 8655 8684 8844 9614 9625 10153 10176 10186 10193 10218 10280 10302 10316 10320 10332 10350 10371 10386 10408 10416 10422 10451 10452 10457 10468 10472 15914 15989 16001 16017 16022 16051 16121 16175 16191 16283 16308 16328 16366 16406 16416 16465 16472 16510 16514 16613 16647 16664 16681 16699 16735 16745 16900 16911 17023 17030 17056 17074 17081 17098 17102 17124 17327 17403 17458 17470 17583 17586 17628 17649 17681 17739 17756 17777 17798 17839 17847 17850 17851 18010 18088 18270 18275 18282 18323 18542 18549 18709 18955 18969 19096 19307 
	}
	weather={
		period={
			between={ 0.0 30.11 }
			temperature={ -4.0 20.0 }
			no_phenomenon=0.500
			rain_light=0.300
			rain_heavy=0.050
			snow=0.200
			blizzard=0.000
			arctic_water=0.000
			mud=0.300
			sandstorm=0.000
			min_snow_level=0.000
		}
    }
}
