
strategic_region={
	id=132
	name="STRATEGICREGION_132"
	provinces={
		358 2443 2480 2775 2786 3139 4040 4052 4194 4252 4930 4962 4968 5460 5621 5904 5972 6179 6297 7027 7030 7090 7119 7302 7939 8031 8192 8298 9568 10575 10622 10656 10721 10725 10760 10765 10780 10784 10803 10865 10866 10888 10904 10925 15982 16072 16200 16201 16525 16565 16940 17038 17128 17492 18221 18222 
	}
	weather={
		period={
			between={ 0.0 30.11 }
			temperature={ -4.0 20.0 }
			no_phenomenon=0.500
			rain_light=0.300
			rain_heavy=0.050
			snow=0.200
			blizzard=0.000
			arctic_water=0.000
			mud=0.300
			sandstorm=0.000
			min_snow_level=0.000
		}
    }
}
