
strategic_region={
	id=133
	name="STRATEGICREGION_133"
	provinces={
		198 545 552 920 1076 1153 1472 1614 1764 1772 2327 2463 2473 2675 2918 3041 3075 3077 3191 3359 3470 3645 3750 3906 3999 4334 4363 4653 4766 4772 4821 5043 5183 5284 5467 5749 5781 5997 6170 6203 6230 6278 6301 6385 6517 6542 6690 6844 6979 6991 7191 7288 7343 7760 7777 8382 8732 8887 8922 8926 9049 9679 9683 11752 11792 11857 11903 11909 11938 11941 11959 11978 11998 12004 12028 12036 12049 12062 12089 12134 12147 12155 12180 12187 12188 12217 12239 12296 12350 12367 12384 12408 12442 12454 12519 12540 12576 12595 12610 12662 12714 12757 
	}
	weather={
		period={
			between={ 0.0 30.11 }
			temperature={ -4.0 20.0 }
			no_phenomenon=0.500
			rain_light=0.300
			rain_heavy=0.050
			snow=0.200
			blizzard=0.000
			arctic_water=0.000
			mud=0.300
			sandstorm=0.000
			min_snow_level=0.000
		}
    }
}
