
strategic_region={
	id=137
	name="STRATEGICREGION_137"
	provinces={
		83 363 577 650 777 1291 1822 2324 2458 2582 3755 4120 4190 4230 4245 4460 4601 5311 5863 5940 6175 6328 6656 7257 7515 7571 7614 7675 7805 7839 8061 8257 8384 8413 8470 9281 9450 9503 13467 13536 13589 13600 13609 13621 13626 13641 13672 13708 13718 13752 13813 13814 13825 13836 13843 13871 13877 13914 13919 13924 13969 13981 14013 14034 14056 14064 14094 14099 14174 14191 14218 14232 18083 18234 20388 20389 20418 20432 20433 20434 20435 20436 20438 20439 20440 20441 20442 20443 20444 20454 
	}
	weather={
		period={
			between={ 0.0 30.11 }
			temperature={ -4.0 20.0 }
			no_phenomenon=0.500
			rain_light=0.300
			rain_heavy=0.050
			snow=0.200
			blizzard=0.000
			arctic_water=0.000
			mud=0.300
			sandstorm=0.000
			min_snow_level=0.000
		}
    }
}
