
strategic_region={
	id=139
	name="STRATEGICREGION_139"
	provinces={
		1238 1646 1784 1980 2460 3295 3329 3628 4116 4508 4513 4668 4738 4796 4800 5184 5449 5885 5903 6041 6160 6870 7761 7833 7922 7977 8045 8097 8778 8780 8900 9095 9245 9328 9421 13624 14922 14930 14945 14961 14985 15006 15008 15009 15012 15014 15025 15026 15041 15046 15049 15078 15079 15081 15087 15093 15104 15105 15109 15118 15127 15130 15150 15158 15217 15248 15257 15274 15338 15368 15382 20007 20008 20024 20031 20040 20041 20042 20043 20045 20050 
	}
	weather={
		period={
			between={ 0.0 30.11 }
			temperature={ -4.0 20.0 }
			no_phenomenon=0.500
			rain_light=0.300
			rain_heavy=0.050
			snow=0.200
			blizzard=0.000
			arctic_water=0.000
			mud=0.300
			sandstorm=0.000
			min_snow_level=0.000
		}
    }
}
