
strategic_region={
	id=15
	name="STRATEGICREGION_15"
	provinces={
		68 144 743 1413 1429 1573 1645 1783 2018 2437 2517 2545 2738 2752 2777 2837 3454 3673 3870 3914 4146 4250 4356 4554 4608 4749 4777 4908 5063 5160 5320 5436 5472 5510 5645 5837 5862 6152 6208 6430 6643 6793 7329 7464 7474 7637 7872 7933 7961 7966 8044 8290 8420 8564 8577 8765 8968 8996 9208 9657 14263 14281 14301 14310 14329 14336 14340 14345 14350 14358 14361 14368 14375 14383 14384 14389 14390 14392 14397 14398 14402 14409 14427 14428 14433 14437 14444 14452 14462 14470 14492 14504 14510 14511 14521 14532 14535 14536 14538 14550 14556 14562 14587 14596 14597 14612 14622 14644 16752 16909 17138 17275 17582 17724 17815 20386 20393 20394 20395 20408 20409 20410 20411 20412 20413 20414 20415 20416 20456 
	}
	weather={
	}
}
