
strategic_region={
	id=153
	name="STRATEGICREGION_153"
	provinces={
		121 598 1761 2006 2171 2426 2883 3635 3754 4233 4264 4528 4922 5216 5360 5669 5750 6104 6266 7108 7490 7557 8060 8196 8488 9310 9546 11217 11363 11387 11475 11486 11507 11522 11536 11537 11567 11593 11600 11616 11617 11630 11666 11679 11706 11733 11759 11804 11904 11967 16257 17488 
	}
	weather={
		period={
			between={ 0.0 30.11 }
			temperature={ -4.0 20.0 }
			no_phenomenon=0.500
			rain_light=0.300
			rain_heavy=0.050
			snow=0.200
			blizzard=0.000
			arctic_water=0.000
			mud=0.300
			sandstorm=0.000
			min_snow_level=0.000
		}
    }
}
