
strategic_region={
	id=156
	name="STRATEGICREGION_156"
	provinces={
		3 46 294 297 607 1071 2161 2519 3251 5641 7607 7752 7823 8554 8878 15713 15748 15797 15801 18628 19203 19341 21143 21148 21157 21167 21175 21179 21180 21188 21208 21209 21210 21211 21212 21213 21214 21215 21216 21217 21218 21219 21220 21221 21222 21223 21224 21225 21226 21227 21228 21229 21230 21231 21232 21233 21234 21235 21236 21237 21238 21239 21240 21241 21242 21243 21244 21245 21246 21249 21251 21253 21254 21257 21260 21262 
	}
	weather={
		period={
			between={ 0.0 30.11 }
			temperature={ -4.0 20.0 }
			no_phenomenon=0.500
			rain_light=0.300
			rain_heavy=0.050
			snow=0.200
			blizzard=0.000
			arctic_water=0.000
			mud=0.300
			sandstorm=0.000
			min_snow_level=0.000
		}
    }
}
