
strategic_region={
	id=157
	name="STRATEGICREGION_157"
	provinces={
		84 1136 1234 1714 1998 3033 4114 4919 5240 7671 16299 16348 18030 18368 18530 18618 18673 18679 18790 18797 19243 19244 19343 19344 19345 19346 19347 19348 19349 19350 19351 19352 19353 19354 19355 19356 19357 19358 19359 19360 19361 19362 19363 19364 19365 19366 19367 19368 19369 19370 19371 19372 19373 19374 19375 19376 19377 19378 19379 19380 19381 19382 19383 19384 19385 19386 
	}
	weather={
		period={
			between={ 0.0 30.11 }
			temperature={ -4.0 20.0 }
			no_phenomenon=0.500
			rain_light=0.300
			rain_heavy=0.050
			snow=0.200
			blizzard=0.000
			arctic_water=0.000
			mud=0.300
			sandstorm=0.000
			min_snow_level=0.000
		}
    }
}
