
strategic_region={
	id=158
	name="STRATEGICREGION_158"
	provinces={
		86 404 538 1945 2831 3389 3571 3587 4059 4184 4288 4914 5004 6105 7358 7748 9101 14879 14891 14904 14907 14912 14917 14931 14935 14937 14949 14968 14972 14979 14984 16173 16184 16237 16421 16929 17051 17216 17267 17543 17944 18306 18692 19158 20197 20199 20213 20214 20225 20226 20229 20234 20236 20237 20238 20246 20247 20378 
	}
	weather={
		period={
			between={ 0.0 30.11 }
			temperature={ -4.0 20.0 }
			no_phenomenon=0.500
			rain_light=0.300
			rain_heavy=0.050
			snow=0.200
			blizzard=0.000
			arctic_water=0.000
			mud=0.300
			sandstorm=0.000
			min_snow_level=0.000
		}
    }
}
