
strategic_region={
	id=159
	name="STRATEGICREGION_159"
	provinces={
		206 493 871 1094 1272 1428 1544 1821 1878 1957 2208 2677 2680 3311 3417 3434 3456 3640 3756 4231 4485 4509 4535 4746 4751 4984 5140 5252 5563 5846 6549 6798 6806 6842 7228 7278 8042 8085 8181 8328 8483 8824 8938 9088 9464 14802 14806 14820 14823 14833 14834 14840 14870 14881 14882 14892 14896 14898 14899 14911 14938 14939 14942 14962 14973 15895 15941 16281 16350 16499 16993 17061 17108 17923 17996 18970 20336 20337 20338 20339 20360 20362 20367 20368 20369 20370 20371 20372 20373 20374 20375 20376 20377 20380 20384 21552 21558 
	}
	weather={
		period={
			between={ 0.0 30.11 }
			temperature={ -4.0 20.0 }
			no_phenomenon=0.500
			rain_light=0.300
			rain_heavy=0.050
			snow=0.200
			blizzard=0.000
			arctic_water=0.000
			mud=0.300
			sandstorm=0.000
			min_snow_level=0.000
		}
    }
}
