
strategic_region={
	id=181
	name="STRATEGICREGION_181"
	provinces={
		30 140 181 280 322 392 558 614 922 1027 1043 1400 1590 1919 1935 1999 2020 2047 2091 2212 2263 2529 2543 2817 2851 2923 2969 3231 3275 3336 3392 3873 4626 5074 5077 5080 5437 5758 5854 6163 6173 6620 6634 6688 7115 7135 7147 7635 7766 8487 8529 8828 9521 9802 9820 9830 9842 9867 9882 9889 9931 9957 9965 9987 10009 10062 10108 10124 10134 10143 10157 10168 10179 10201 19428 19450 19458 19459 19460 19461 19462 19463 19464 19465 19466 19523 19524 19525 19526 19527 19528 
	}
	weather={
		period={
			between={ 0.0 30.11 }
			temperature={ -4.0 20.0 }
			no_phenomenon=0.500
			rain_light=0.300
			rain_heavy=0.050
			snow=0.200
			blizzard=0.000
			arctic_water=0.000
			mud=0.300
			sandstorm=0.000
			min_snow_level=0.000
		}
	}
}
