
strategic_region={
	id=182
	name="STRATEGICREGION_182"
	provinces={
		334 632 801 2151 2180 2240 3119 3192 3282 3499 3903 4050 4395 5058 5373 5559 6794 6997 7025 7156 7241 7250 7655 7757 7826 7991 8140 8321 8357 8375 8415 8484 9029 9031 11295 11343 11398 11430 11489 11508 11533 11541 11558 11559 11612 11621 11622 11684 11701 11710 11719 11730 11731 11756 11757 11765 11771 11787 11788 11809 11848 11849 11859 11899 11920 11940 11982 11996 12021 12033 12040 12041 12042 12052 12053 12078 12085 12111 20615 20617 20625 20629 20634 20635 20637 20639 20641 20652 20653 20654 20655 20657 20658 20659 20660 20663 20665 20666 20667 20669 20670 20671 20672 20673 20674 20675 20676 20677 20681 
	}
	weather={
		period={
			between={ 0.0 30.11 }
			temperature={ -4.0 20.0 }
			no_phenomenon=0.500
			rain_light=0.300
			rain_heavy=0.050
			snow=0.200
			blizzard=0.000
			arctic_water=0.000
			mud=0.300
			sandstorm=0.000
			min_snow_level=0.000
		}
	}
}
