
strategic_region={
	id=185
	name="STRATEGICREGION_185"
	provinces={
		1367 2874 3861 4263 5520 5731 6415 6447 6808 6936 7506 7566 7583 7596 8152 8507 8551 9298 9315 9364 9467 9669 12092 12131 12142 12152 12215 12226 12292 12293 12294 12298 12319 12370 12377 12401 12414 12439 12482 12495 12534 12538 12539 12543 12583 12606 12611 12623 12629 12654 12673 12742 12799 12881 18983 20632 20668 20717 20718 20719 20720 20721 20722 20723 20725 20727 20728 
	}
	weather={
		period={
			between={ 0.0 30.11 }
			temperature={ -4.0 20.0 }
			no_phenomenon=0.500
			rain_light=0.300
			rain_heavy=0.050
			snow=0.200
			blizzard=0.000
			arctic_water=0.000
			mud=0.300
			sandstorm=0.000
			min_snow_level=0.000
		}
	}
}
