strategic_region={
	id=20
	name="STRATEGICREGION_20"
	provinces={
		12 86 597 609 2237 2502 3246 3445 3540 3622 3924 4102 4135 4288 4463 5150 5995 6260 6282 6699 7645 7709 7957 8174 8916 9101 9634 14750 14773 14805 14821 14828 14839 14848 14872 14878 14886 14901 14902 14976 15027 15042 15056 15071 15094 15141 15153 15187 15193 15223 15264 15936 16006 16227 16237 16421 16929 16988 17702 17870 18321 18375 18647 18700 18782 19158 19227 20198 20209 20214 20215 20216 20217 20218 20219 20220 20222 20223 20224 20228 20230 20231 20232 20233 20235 20240 20241 20242 20249 20255 20279 20280 20329 20335 20357 
	}
	weather={
		period={
			between={ 0.0 30.11 }
			temperature={ -4.0 20.0 }
			no_phenomenon=0.500
			rain_light=0.300
			rain_heavy=0.050
			snow=0.200
			blizzard=0.000
			arctic_water=0.000
			mud=0.300
			sandstorm=0.000
			min_snow_level=0.000
		}
	}
}
