
strategic_region={
	id=20
	name="STRATEGICREGION_20"
	provinces={
		67 175 217 860 1023 1101 1273 1599 1619 1738 1804 1895 2106 2271 2313 2394 2459 2537 3380 3675 4285 4394 4410 5069 5218 5496 5568 5577 5826 6348 6499 7091 7606 7658 7729 8573 8740 9398 9468 14062 14109 14149 14155 14171 14172 14182 14214 14240 14311 14348 14355 14364 14399 14412 14471 14472 14480 14496 14512 14519 14526 14545 14591 14593 14602 14614 14621 14638 16026 16076 16269 16429 16536 16559 16585 16733 16845 17116 17607 17729 18726 19072 
	}
	weather={
		period={
			between={ 0.0 30.11 }
			temperature={ -4.0 20.0 }
			no_phenomenon=0.500
			rain_light=0.300
			rain_heavy=0.050
			snow=0.200
			blizzard=0.000
			arctic_water=0.000
			mud=0.300
			sandstorm=0.000
			min_snow_level=0.000
		}
	}
}
