
strategic_region={
	id=214
	name="STRATEGICREGION_214"
	provinces={
		962 1082 1432 1993 2289 3021 3035 3422 3447 3609 3831 4014 4553 4575 4628 4648 5011 5113 5217 5344 5475 5943 6322 6492 6745 6994 7117 8317 9293 9340 9620 10835 10860 10870 10882 10898 10900 10945 10983 11011 11051 11085 11105 11106 11136 11174 11244 11317 11428 11523 16784 17552 17592 18528 
	}
	weather={
		period={
			between={ 0.0 30.11 }
			temperature={ -4.0 20.0 }
			no_phenomenon=0.500
			rain_light=0.300
			rain_heavy=0.050
			snow=0.200
			blizzard=0.000
			arctic_water=0.000
			mud=0.300
			sandstorm=0.000
			min_snow_level=0.000
		}
    }
}
