
strategic_region={
	id=219
	name="STRATEGICREGION_219"
	provinces={
		134 256 382 476 671 678 761 804 867 969 1013 1072 1139 1195 1227 1317 1323 1408 1425 1802 2250 2272 2280 2755 2812 2848 2894 2905 3030 3218 3404 3876 4054 4216 4411 4545 4970 5195 5226 5298 6881 6975 7040 7642 7808 7858 7935 8163 8281 8737 9484 9739 9740 9743 9745 9746 9749 9755 9760 9764 9769 9774 
	}
	weather={
		period={
			between={ 0.0 30.11 }
			temperature={ -4.0 20.0 }
			no_phenomenon=0.500
			rain_light=0.300
			rain_heavy=0.050
			snow=0.200
			blizzard=0.000
			arctic_water=0.000
			mud=0.300
			sandstorm=0.000
			min_snow_level=0.000
		}
    }
}
