
strategic_region={
	id=22
	name="STRATEGICREGION_22"
	provinces={
		218 221 594 705 1000 1085 1435 1511 1624 1626 1650 2136 2502 2506 2570 2699 2880 2899 2922 2959 2986 3014 3051 3222 3540 3622 3662 3816 3833 4006 4018 4102 4425 4463 4534 4699 4719 5056 5233 5416 5434 5764 5842 5998 5999 6015 6031 6063 6085 6125 6321 6416 6710 6800 6990 7243 7456 7554 7663 7664 7908 8259 8299 8339 8544 8553 8913 8942 9055 9127 9624 14117 14124 14145 14147 14166 14195 14201 14236 14259 14265 14285 14312 14323 14328 14354 14367 14420 14425 14426 14459 14469 14487 14490 14495 14501 14502 14503 14509 14513 14524 14534 14541 14543 14555 14561 14564 14567 14580 14599 14601 14618 14627 14632 14641 14648 14651 14663 14671 14675 14682 14685 14696 14702 14705 14706 14712 14717 14718 14730 14731 14745 14750 14769 14770 14773 14774 14797 14805 14817 14818 14821 14828 14839 14848 14851 14856 14857 14878 15967 16170 16177 16392 16561 16566 16606 16759 16828 16988 16990 16991 17035 17206 17237 17251 17268 17510 17514 17669 17702 17762 17900 17925 17997 18089 18160 18313 18320 18321 18347 18356 19227 19332 20121 20122 20168 20169 20174 20180 20181 20186 20196 20198 20200 20201 20202 20203 20204 20205 20206 20207 20208 20209 20210 20211 20212 20221 20222 20223 20228 20239 20240 20243 20244 20245 20248 21639 21655 21656 
	}
	weather={
	}
}
