
strategic_region={
	id=221
	name="STRATEGICREGION_221"
	provinces={
		251 296 595 621 694 859 862 1057 1066 1074 1077 1205 1263 1443 1493 1513 1649 1859 1889 1896 2100 2126 2260 2286 2306 2559 2599 2605 2636 2866 2951 2953 2978 3056 3081 3107 3250 3527 3770 3774 3794 3986 4038 4053 4092 4108 4133 4171 4397 4455 4457 4498 4561 4636 4714 4782 4798 4845 4913 5078 5269 5509 5538 5682 5697 5927 5996 6050 6056 6147 6253 6350 6421 6426 6480 6581 6853 6896 6974 7033 7062 7110 7357 7427 7487 7520 7632 7696 7699 7862 7882 7992 7997 8083 8094 8145 8236 8435 8479 8563 8685 8734 8825 8914 8973 9008 9026 9174 9198 9297 9527 9653 12197 12214 12290 12358 12492 12514 12570 12579 12627 12628 12693 12768 12776 12855 12861 12869 12922 12928 13009 13010 13011 13116 13117 13118 13127 13165 13228 13243 13274 13319 13334 13369 13373 13399 13414 13500 13506 13554 13555 13591 13594 13634 13743 13754 13767 13768 13800 13841 13856 13872 13911 13933 16485 17627 17843 17931 17966 18200 18272 18781 19103 19105 19109 19318 
	}
	weather={
	}
}
