
strategic_region={
	id=223
	name="STRATEGICREGION_223"
	provinces={
		117 133 424 572 606 640 902 1326 1387 1427 1642 1819 2491 2555 2950 2994 3134 3209 3221 3865 3927 4279 4370 4458 4634 4726 4743 4843 5372 5376 5562 5866 6218 6514 7363 7809 8205 8346 8386 8511 9094 15391 15531 15626 15642 15654 15657 15661 15667 15677 15688 15704 15738 15744 15771 15916 15920 15929 16214 16224 16409 16521 16696 16703 16850 16875 17155 17218 17242 17469 17517 17532 17558 17579 17641 17708 18112 18262 18600 18699 18807 18813 18840 18918 18956 18961 18963 19023 
	}
	weather={
		period={
			between={ 0.0 30.11 }
			temperature={ -4.0 20.0 }
			no_phenomenon=0.500
			rain_light=0.300
			rain_heavy=0.050
			snow=0.200
			blizzard=0.000
			arctic_water=0.000
			mud=0.300
			sandstorm=0.000
			min_snow_level=0.000
		}
    }
}
