
strategic_region={
	id=225
	name="STRATEGICREGION_225"
	provinces={
		106 124 308 416 1042 1399 1409 1512 1779 1792 1879 1920 2058 2061 2156 2249 2278 2291 2359 2484 2490 2818 2984 3038 3189 3229 3395 3509 4277 4773 4999 5016 5190 5355 5518 5982 6168 6399 6553 6787 7127 7600 7886 7919 8653 8774 9205 15495 15502 15511 15526 15544 15546 15551 15555 15587 15591 15596 15602 15610 15629 15640 15658 15664 15672 15836 16033 16582 16736 16997 17050 17300 17456 18149 18155 18241 18301 18571 18636 18702 18788 18875 18885 18892 18893 18895 18896 18934 
	}
	weather={
		period={
			between={ 0.0 30.11 }
			temperature={ -4.0 20.0 }
			no_phenomenon=0.500
			rain_light=0.300
			rain_heavy=0.050
			snow=0.200
			blizzard=0.000
			arctic_water=0.000
			mud=0.300
			sandstorm=0.000
			min_snow_level=0.000
		}
    }
}
