
strategic_region={
	id=226
	name="STRATEGICREGION_226"
	provinces={
		182 273 365 453 916 941 1276 1402 1466 1546 1857 2109 2223 2902 2920 3370 3485 3949 4201 4256 4461 4605 4717 4776 5168 6107 6115 6533 6585 6675 6914 6915 7005 7334 7337 8200 8283 8847 8875 9195 9263 15177 15476 15581 15777 15792 15804 15812 15815 15816 15818 15829 15831 15832 15833 15841 15850 16008 16773 17029 17177 17497 17748 17840 17883 17954 18103 18266 18278 18937 18941 18952 18966 19038 19041 
	}
	weather={
		period={
			between={ 0.0 30.11 }
			temperature={ -4.0 20.0 }
			no_phenomenon=0.500
			rain_light=0.300
			rain_heavy=0.050
			snow=0.200
			blizzard=0.000
			arctic_water=0.000
			mud=0.300
			sandstorm=0.000
			min_snow_level=0.000
		}
    }
}
