
strategic_region={
	id=227
	name="STRATEGICREGION_227"
	provinces={
		1 47 423 443 486 647 685 857 929 1033 1200 1308 1519 1552 1561 1898 2088 2196 2204 2215 2221 2301 2356 2560 2658 2695 2927 3194 3614 3676 3703 3837 3894 3997 4000 4051 4061 4203 4210 4270 4492 4515 4529 4559 4639 4817 4882 4902 5041 5094 5121 5164 5222 5628 5639 5674 5798 5896 5937 6355 6388 6404 6472 6566 6589 6878 6883 6890 6895 7057 7265 7294 7395 7660 8155 8305 8383 8523 8543 8747 9222 9523 9642 15349 15373 15374 15406 15434 15437 15443 15444 15449 15455 15456 15467 15473 15484 15498 15512 15519 15520 15532 15539 15540 15541 15557 15567 15572 15573 15574 15577 15585 15612 15615 15648 15649 15656 16639 16869 17072 17765 18281 18905 
	}
	weather={
		period={
			between={ 0.0 30.11 }
			temperature={ -4.0 20.0 }
			no_phenomenon=0.500
			rain_light=0.300
			rain_heavy=0.050
			snow=0.200
			blizzard=0.000
			arctic_water=0.000
			mud=0.300
			sandstorm=0.000
			min_snow_level=0.000
		}
    }
}
