
strategic_region={
	id=228
	name="STRATEGICREGION_228"
	provinces={
		6 53 101 111 154 166 184 213 235 289 341 406 427 593 600 699 746 754 790 846 873 875 880 934 968 1019 1028 1041 1088 1130 1132 1160 1167 1209 1271 1275 1283 1336 1377 1380 1394 1421 1439 1442 1462 1494 1496 1591 1593 1627 1635 1665 1718 1732 1758 1805 1806 1840 1851 1886 1897 1948 2027 2089 2121 2133 2200 2292 2311 2328 2374 2410 2483 2527 2621 2649 2678 2705 2728 2739 2782 2849 2853 2857 2875 2893 2921 3055 3123 3147 3228 3338 3369 3420 3469 3507 3524 3544 3557 3573 3591 3604 3615 3631 3665 3686 3716 3726 3730 3734 3753 3786 3801 3853 3885 3888 3893 3913 3942 4001 4021 4033 4049 4062 4067 4077 4151 4153 4176 4237 4266 4294 4328 4337 4348 4366 4380 4436 4443 4447 4582 4662 4793 4822 4828 4867 4909 4915 4926 4931 4936 4945 4978 4979 5030 5036 5037 5048 5126 5154 5191 5247 5295 5301 5340 5354 5368 5391 5392 5413 5511 5536 5574 5673 5796 5839 5853 5855 5898 5911 5918 6036 6070 6092 6102 6122 6185 6186 6217 6237 6254 6283 6371 6389 6401 6436 6543 6555 6590 6631 6698 6705 6725 6736 6801 6816 6848 6893 6934 6998 7013 7031 7067 7077 7083 7183 7196 7202 7224 7248 7252 7271 7313 7319 7381 7384 7430 7441 7442 7462 7476 7500 7628 7665 7669 7684 7712 7726 7732 7744 7765 7822 7916 7936 7937 8056 8065 8089 8166 8169 8235 8249 8262 8294 8301 8459 8469 8527 8634 8695 8728 8759 8840 9015 9062 9084 9103 9114 9115 9171 9264 9277 9284 9288 9300 9402 9405 9409 9466 9488 9509 9547 9643 9659 12128 12218 12242 12274 12291 12303 12351 12359 12368 12387 12403 12410 12443 12445 12460 12470 12487 12488 12515 12537 12547 12548 12571 12580 12596 12605 12616 12635 12636 12645 12663 12669 12680 12698 12709 12720 12741 12769 12777 12796 12805 12813 12820 12834 12851 12887 12888 12891 12907 12914 12917 12936 12951 12962 12975 13001 13012 13022 13026 13030 13039 13045 13065 13066 13079 13104 13105 13119 13128 13149 13150 13176 13190 13197 13198 13210 13221 13265 13266 13292 13320 13335 13339 13345 13356 13379 13415 13437 13480 13501 13517 13532 13576 13577 13595 13602 13603 13604 13653 13689 13690 13721 13729 13778 13781 13801 13817 13821 13833 13850 13881 13902 13934 13937 13960 14031 14032 14105 14107 14120 14134 14161 14176 14197 14199 14207 14211 14229 14244 14267 14334 14356 14371 14380 14394 14423 14434 14481 14507 14522 14537 14547 14559 14566 14568 14570 14594 14624 14669 14670 14724 14748 14757 14781 14798 14837 14858 14859 14868 15921 16698 16797 16843 17100 17104 17511 17578 17907 18213 18630 18631 18639 18649 19019 19102 19111 19115 19118 19129 19218 19320 19327 19329 19330 
	}
	weather={
		period={
			between={ 0.0 30.11 }
			temperature={ -4.0 20.0 }
			no_phenomenon=0.500
			rain_light=0.300
			rain_heavy=0.050
			snow=0.200
			blizzard=0.000
			arctic_water=0.000
			mud=0.300
			sandstorm=0.000
			min_snow_level=0.000
		}
    }
}
