
strategic_region={
	id=229
	name="STRATEGICREGION_229"
	provinces={
		38 87 164 167 203 232 361 477 618 714 782 886 984 1097 1107 1278 1360 1545 1555 1637 1796 1814 2041 2157 2251 2283 2385 2541 2749 2901 2939 2995 3046 3106 3149 3202 3208 3512 3840 3905 3971 3988 4069 4090 4112 4174 4445 4489 4494 4551 4587 4812 4834 5062 5073 5101 5122 5228 5232 5441 5519 5688 5695 5713 5919 5949 6109 6171 6273 6351 6372 6410 6696 6732 6847 6916 7165 7197 7213 7277 7300 7361 7387 7437 7534 7591 7680 7723 7825 7994 8040 8216 8541 8582 8600 8668 8827 8852 8993 9045 9148 9149 9202 9234 9358 9375 9513 14365 14406 14438 14477 14516 14551 14552 14588 14683 14701 14716 14780 14782 14825 14909 14914 14927 14940 14950 14989 15023 15048 15064 15070 15129 15139 15163 15178 15213 15229 15240 15273 15290 15293 15298 15327 15334 15367 15377 15381 15934 16235 16467 16712 16832 16986 17052 17215 17555 18021 18198 18202 18737 19140 19141 19142 
	}
	weather={
	}
}
