strategic_region={
	id=23
	name="STRATEGICREGION_23"
	provinces={
		1089 1252 1477 1613 1966 2135 2169 2174 2360 2626 4299 4355 4519 4566 4635 5038 5162 5331 5350 5612 6091 6375 6382 6484 6592 6599 7037 7206 7575 7706 7915 7955 8093 8533 8635 8994 9018 9051 9457 9663 13976 13983 13995 14007 14015 14033 14036 14042 14043 14071 14072 14073 14089 14090 14091 14096 14115 14116 14123 14131 14138 14153 14158 14165 14194 14200 14245 14253 14257 14258 14262 14272 14284 14289 14295 14308 14309 14315 14316 14322 14327 14343 14344 14357 14391 14408 14414 16239 16434 16782 17019 17540 17666 17913 17935 18006 18169 18483 18916 18920 20120 20129 20130 20148 20149 20150 20151 20152 20153 20154 20155 20156 20157 20158 20159 20182 20183 20184 20192 20193 20227 20481 
	}
	weather={
		period={
			between={ 0.0 30.11 }
			temperature={ -4.0 20.0 }
			no_phenomenon=0.500
			rain_light=0.300
			rain_heavy=0.050
			snow=0.200
			blizzard=0.000
			arctic_water=0.000
			mud=0.300
			sandstorm=0.000
			min_snow_level=0.000
		}
	}
}
