strategic_region={
	id=24
	name="STRATEGICREGION_24"
	provinces={
		221 387 624 826 1143 1186 1260 1304 1328 1411 1435 1580 1932 2177 2191 2213 2295 2354 2419 2438 2924 2986 3051 3381 3435 3500 3727 3757 4123 4125 4383 4393 4403 4425 4441 5085 5290 5326 5345 5428 6209 6212 6477 6755 6800 6833 7113 7255 7488 7536 7664 7832 7892 8012 8014 8151 8512 8660 8817 8952 9055 9133 9526 14377 14378 14401 14432 14443 14458 14467 14468 14475 14483 14489 14494 14500 14514 14523 14530 14531 14560 14569 14584 14585 14586 14592 14607 14626 14631 14647 14662 14668 14695 14705 14730 14754 14760 14769 14778 14800 14817 14818 14851 15860 16109 16113 16127 16139 16145 16177 16219 16392 16402 16727 16828 16930 16990 17237 17285 17287 17302 17321 17336 17479 17630 17762 17925 17974 18026 18160 18178 18299 18315 18356 18482 18876 19059 19228 19229 19332 20119 20123 20124 20125 20126 20127 20128 20131 20132 20133 20134 20135 20136 20137 20138 20139 20140 20141 20142 20144 20145 20146 20147 20160 20161 20162 20163 20164 20165 20166 20167 20168 20169 20170 20171 20172 20173 20174 20175 20176 20177 20178 20179 20181 20185 20187 20188 20189 20190 20191 20194 20195 20221 21655 21656 
	}
	weather={
		period={
			between={ 0.0 30.11 }
			temperature={ -4.0 20.0 }
			no_phenomenon=0.500
			rain_light=0.300
			rain_heavy=0.050
			snow=0.200
			blizzard=0.000
			arctic_water=0.000
			mud=0.300
			sandstorm=0.000
			min_snow_level=0.000
		}
	}
}
