
strategic_region={
	id=26
	name="STRATEGICREGION_26"
	provinces={
		238 429 569 683 1110 1364 1751 1936 2259 2341 2494 2707 2741 2833 2976 3151 3230 3419 3565 3569 3612 3641 3803 3846 4072 4611 4745 4863 5092 5393 5506 6154 6240 6345 6463 6640 6764 6947 6972 7048 7065 7066 7073 7194 7425 7574 7657 7735 7786 7789 8004 8221 8318 8353 8360 8625 8725 8755 8772 8830 9091 9120 9282 9385 9459 9548 9651 9674 10294 10305 10318 10344 10345 10352 10362 10377 10381 10415 10454 10462 10464 10465 10475 10479 10483 10484 10500 10501 10511 10513 10523 10525 10527 10530 10535 10537 10540 10554 10561 10572 10580 10587 10588 10592 10601 10620 10621 10624 10625 10626 10636 10640 10646 10647 10650 10658 10671 10683 10686 10714 10720 10729 10768 18616 18664 19097 19100 19489 19530 19533 19563 19596 19598 19604 19606 19607 19608 19609 19610 19611 19612 19613 19614 19615 19616 19617 19618 19619 19620 19621 19622 19623 19624 19625 19642 19643 
	}
	weather={
		period={
			between={ 0.0 30.11 }
			temperature={ -4.0 20.0 }
			no_phenomenon=0.500
			rain_light=0.300
			rain_heavy=0.050
			snow=0.200
			blizzard=0.000
			arctic_water=0.000
			mud=0.300
			sandstorm=0.000
			min_snow_level=0.000
		}
	}
}
