
strategic_region={
	id=28
	name="STRATEGICREGION_28"
	provinces={
		318 367 1223 1268 1303 1630 2277 2765 3144 3255 3259 3438 3827 4043 4268 4597 4673 4969 4973 5015 5141 5167 5738 5861 5865 5934 6099 6113 6446 7620 7920 8556 8805 9420 9672 10040 10048 10054 10066 10070 10090 10114 10126 10131 10136 10138 10149 10165 10166 10192 10198 10256 10261 16053 16114 16163 16364 16453 16478 16545 16682 16742 17021 17053 17086 17120 17156 17193 17211 17225 17312 17404 17412 17440 17597 17614 17659 17934 18135 18167 18210 18243 18784 19082 19086 19087 19091 19972 19975 19976 19977 19978 19979 19980 19981 19994 20004 
	}
	weather={
		period={
			between={ 0.0 30.11 }
			temperature={ -4.0 20.0 }
			no_phenomenon=0.500
			rain_light=0.300
			rain_heavy=0.050
			snow=0.200
			blizzard=0.000
			arctic_water=0.000
			mud=0.300
			sandstorm=0.000
			min_snow_level=0.000
		}
	}
}
