
strategic_region={
	id=29
	name="STRATEGICREGION_29"
	provinces={
		40 157 242 637 689 739 812 1080 1165 1865 2337 2382 2702 3749 4031 4170 4218 5047 5378 5795 5952 5955 6123 6211 7006 7242 7590 7815 7876 8025 8109 8114 8266 8313 8731 8793 8856 9021 9085 9199 9227 9346 9349 9425 10852 10857 10917 10921 10973 10987 11020 11056 11061 11083 11095 11152 11163 11216 11260 11304 11308 11392 11393 11451 11485 11491 14666 
	}
	weather={
		period={
			between={ 0.0 30.11 }
			temperature={ -4.0 20.0 }
			no_phenomenon=0.500
			rain_light=0.300
			rain_heavy=0.050
			snow=0.200
			blizzard=0.000
			arctic_water=0.000
			mud=0.300
			sandstorm=0.000
			min_snow_level=0.000
		}
	}
}
