
strategic_region={
	id=30
	name="STRATEGICREGION_30"
	provinces={
		4 135 155 340 347 525 633 681 840 878 973 1012 1226 1403 1572 1643 1656 1677 1713 1775 1860 1871 1917 1937 2046 2087 2114 2120 2128 2233 2256 2333 2411 2602 2724 2742 2789 2800 2879 3016 3031 3037 3121 3143 3183 3271 3292 3299 3558 3655 3688 3742 3804 3897 3928 4010 4481 4617 4647 4836 4981 5095 5187 5367 5387 5530 5587 5670 5708 5917 5969 6127 6136 6286 6423 6565 6724 6765 6781 6804 6894 7020 7120 7397 7567 7643 7697 7870 7883 7905 7967 8108 8172 8510 8595 8599 8820 9424 9557 9576 15589 15611 15620 15638 15644 15647 15650 15665 15668 15673 15674 15679 15681 15682 15684 15690 15707 15715 15717 15719 15721 15736 15740 15746 15749 15751 15759 15760 15763 15766 15780 15781 15788 15791 15799 15897 15900 19768 20868 20869 20870 20871 20872 20873 20875 20876 20877 20878 20879 20880 20882 20883 20884 20885 20886 20887 20888 20890 20891 20892 20893 20894 20895 20896 20897 20898 20899 20901 20902 20903 20904 20906 20907 20908 20909 20910 20911 20912 20913 20928 20929 20930 20931 
	}
	weather={
		period={
			between={ 0.0 30.11 }
			temperature={ -4.0 20.0 }
			no_phenomenon=0.500
			rain_light=0.300
			rain_heavy=0.050
			snow=0.200
			blizzard=0.000
			arctic_water=0.000
			mud=0.300
			sandstorm=0.000
			min_snow_level=0.000
		}
    }
}
