
strategic_region={
	id=31
	name="STRATEGICREGION_31"
	provinces={
		69 122 196 210 301 360 500 503 517 590 896 1052 1079 1267 1305 1334 1500 1596 1736 1740 1982 2055 2166 2176 2265 2297 2608 3017 3131 3181 3256 3270 3415 3529 3721 4041 4369 4728 4878 5112 5603 5874 6335 7296 7396 7439 9017 15669 15683 15686 15811 15842 15851 15863 15872 15877 15883 15889 15892 18144 18239 20962 20963 20964 21645 21660 21661 21662 21663 21664 
	}
	weather={
		period={
			between={ 0.0 30.11 }
			temperature={ -4.0 20.0 }
			no_phenomenon=0.500
			rain_light=0.300
			rain_heavy=0.050
			snow=0.200
			blizzard=0.000
			arctic_water=0.000
			mud=0.300
			sandstorm=0.000
			min_snow_level=0.000
		}
	}
}
