
strategic_region={
	id=32
	name="STRATEGICREGION_32"
	provinces={
		34 79 102 343 344 353 410 507 548 659 696 897 1357 1489 1606 1694 1795 1810 1970 2014 2054 2298 2395 2603 2895 2975 3148 3265 3471 3534 3613 3638 4080 4113 4283 4313 4344 4499 4730 4737 4992 5007 5236 5263 5405 5546 5979 6014 6155 6164 6197 6309 7043 7185 7229 7407 8161 8334 8567 8909 9076 15675 15685 15687 15709 15729 15731 15752 15755 15761 15765 15786 15810 15821 15824 18642 18688 19135 19136 19139 19159 19237 19238 21049 21255 21259 21266 21271 21274 21280 21287 21292 
	}
	weather={
		period={
			between={ 0.0 30.11 }
			temperature={ -4.0 20.0 }
			no_phenomenon=0.500
			rain_light=0.300
			rain_heavy=0.050
			snow=0.200
			blizzard=0.000
			arctic_water=0.000
			mud=0.300
			sandstorm=0.000
			min_snow_level=0.000
		}
    }
}
