
strategic_region={
	id=33
	name="STRATEGICREGION_33"
	provinces={
		622 955 1020 3101 3220 3933 4131 4197 4346 5443 5567 5637 6483 6660 7411 7731 8011 8254 9038 9240 9314 15003 15036 15057 15072 15074 15084 15097 15110 15133 15137 15142 15167 16100 17548 20256 20281 20285 20286 20331 20332 20333 20334 20340 20341 20342 20343 20344 20345 20346 20347 
	}
	weather={
		period={
			between={ 0.0 30.11 }
			temperature={ -4.0 20.0 }
			no_phenomenon=0.500
			rain_light=0.300
			rain_heavy=0.050
			snow=0.200
			blizzard=0.000
			arctic_water=0.000
			mud=0.300
			sandstorm=0.000
			min_snow_level=0.000
		}
    }
}
