
strategic_region={
	id=34
	name="STRATEGICREGION_34"
	provinces={
		91 509 803 1114 1404 1747 1930 2585 2587 3133 3245 4354 5784 5958 6132 8741 8931 9028 9496 9507 15209 15233 15305 15321 15324 15351 20253 20254 20257 20258 20259 20272 20273 20274 20275 20276 20277 20278 20294 20313 20314 20315 20326 20327 20328 20330 20348 20356 20358 20359 
	}
	weather={
		period={
			between={ 0.0 30.11 }
			temperature={ -4.0 20.0 }
			no_phenomenon=0.500
			rain_light=0.300
			rain_heavy=0.050
			snow=0.200
			blizzard=0.000
			arctic_water=0.000
			mud=0.300
			sandstorm=0.000
			min_snow_level=0.000
		}
	}
}
