strategic_region={
	id=35
	name="STRATEGICREGION_35"
	provinces={
		1378 1497 1598 1629 1985 2168 2276 2655 3091 3354 3496 3588 3603 4709 5270 5343 5366 5551 5599 5735 6381 6584 7180 7310 7417 7819 7841 7974 7996 8071 8180 8538 8998 9043 9047 9111 9141 9224 9285 9541 12946 12947 12968 12994 13024 13058 13060 13069 13095 13115 13120 13133 13134 13160 13170 13171 13191 13206 13207 13212 13230 13231 13237 13253 13261 13262 13296 13297 13303 13312 13313 13321 13364 13401 13408 13430 13431 13441 13447 13460 13472 13473 13484 13485 13502 13519 13535 13538 13545 13567 13593 13597 13598 13619 13625 13647 13666 16769 17071 17872 18690 18899 19848 19849 20489 20724 20747 20748 20749 20750 20751 20752 20753 20754 20755 20756 20757 20758 20759 20760 20761 20762 20763 20764 20766 20767 20768 
	}
	weather={
		period={
			between={ 0.0 30.11 }
			temperature={ -4.0 20.0 }
			no_phenomenon=0.500
			rain_light=0.300
			rain_heavy=0.050
			snow=0.200
			blizzard=0.000
			arctic_water=0.000
			mud=0.300
			sandstorm=0.000
			min_snow_level=0.000
		}
	}
}
