
strategic_region={
	id=37
	name="STRATEGICREGION_37"
	provinces={
		41 176 553 868 1024 1137 1162 1342 1346 1373 1491 1608 1617 1950 1956 1972 2082 2101 2307 2366 2397 2477 2554 2575 2594 2674 2792 2806 2850 2906 2944 3163 3305 3323 3397 3511 3610 3714 3957 4179 4314 4401 4654 4679 4715 4921 5003 5310 5463 5471 5601 5676 6026 6090 6096 6143 6279 6500 6548 6596 6605 6737 6811 6849 7050 7181 7556 7648 7849 7854 7895 7995 8162 8251 8256 8372 8404 8434 8525 8693 8721 8877 8985 9126 9130 9332 9485 9506 15477 15487 15499 15503 15517 15521 15522 15527 15530 15533 15535 15538 15542 15547 15553 15558 15559 15560 15561 15563 15565 15575 15578 15579 15592 15599 15600 15601 15607 15608 15616 15623 15630 15633 15636 15639 15643 15651 15652 15663 15666 15670 15671 15691 15699 20935 20936 20937 20940 20941 20943 20947 20950 20951 20952 20954 20957 20958 20965 20966 20967 20968 20969 20970 20971 20972 20974 20975 20976 20977 20978 20979 20980 20981 20982 20983 20984 20985 20986 20987 20988 20989 20990 20991 20992 20993 20994 20995 20996 20997 20998 20999 21000 21001 21002 21003 21004 21005 21006 21007 21008 21009 21010 21038 21646 21647 21648 21649 21650 
	}
	weather={
		period={
			between={ 0.0 30.11 }
			temperature={ -4.0 20.0 }
			no_phenomenon=0.500
			rain_light=0.300
			rain_heavy=0.050
			snow=0.200
			blizzard=0.000
			arctic_water=0.000
			mud=0.300
			sandstorm=0.000
			min_snow_level=0.000
		}
    }
}
