
strategic_region={
	id=38
	name="STRATEGICREGION_38"
	provinces={
		85 142 162 163 919 978 1269 1389 1397 1422 2331 2653 2983 3630 3669 4110 4273 4326 4452 4456 4725 4814 5189 6394 6603 6735 7513 7810 8051 8121 8673 9189 9371 15718 15720 15722 15728 15733 15739 15741 15795 15808 18752 19011 19026 21050 21054 21058 21059 21061 21062 21063 21067 21069 21074 21077 21081 21082 21083 21084 21089 21090 21092 21093 21095 21096 21097 21100 21101 21104 21107 
	}
	weather={
		period={
			between={ 0.0 30.11 }
			temperature={ -4.0 20.0 }
			no_phenomenon=0.500
			rain_light=0.300
			rain_heavy=0.050
			snow=0.200
			blizzard=0.000
			arctic_water=0.000
			mud=0.300
			sandstorm=0.000
			min_snow_level=0.000
		}
    }
}
