
strategic_region={
	id=40
	name="STRATEGICREGION_40"
	provinces={
		28 524 581 768 1185 1668 2465 3771 4002 4935 5035 5155 5176 5622 5868 6073 6196 6227 7036 7331 7472 7537 8229 9291 9330 9476 10941 10957 10992 10997 11009 11013 11032 11043 11044 11066 11082 11090 11097 11112 11121 11142 11159 11160 11166 11193 11208 11233 11237 11255 11256 11257 11269 11285 11300 11339 19315 19657 19658 19659 19660 20547 20556 20557 20558 20559 20563 20640 20642 20643 20644 20645 
	}
	weather={
		period={
			between={ 0.0 30.11 }
			temperature={ -4.0 20.0 }
			no_phenomenon=0.500
			rain_light=0.300
			rain_heavy=0.050
			snow=0.200
			blizzard=0.000
			arctic_water=0.000
			mud=0.300
			sandstorm=0.000
			min_snow_level=0.000
		}
	}
}
