
strategic_region={
	id=41
	name="STRATEGICREGION_41"
	provinces={
		13 143 249 527 669 1124 1166 1405 1510 1682 2012 2086 2154 2281 2294 2429 2704 2771 2845 2869 2960 3043 3266 3497 3508 3787 3940 4070 4089 4422 4627 5231 5485 5569 5733 5734 5766 5889 6010 6068 6337 6367 6519 6573 6667 6885 6962 7354 7390 7402 7514 7679 7759 7829 7863 7965 8117 8123 8448 8756 8773 8775 9005 9154 9160 9173 9236 12104 12440 12702 12748 12749 12788 12819 12854 12883 12896 12912 12931 12955 12961 12974 12981 12987 12996 13029 13037 13041 13056 13083 13092 13096 13097 13108 13138 13155 13161 13178 13179 13194 13202 13208 13219 13224 13240 13255 13271 13281 13287 13288 13289 13298 13314 13325 13326 13327 13343 13347 13355 13360 13375 13376 13386 13388 13389 13404 13410 13426 13445 13449 13456 13466 13515 13521 13522 13540 19319 19916 19917 19918 19919 20082 20094 
	}
	weather={
	}
}
