
strategic_region={
	id=42
	name="STRATEGICREGION_42"
	provinces={
		212 462 672 684 721 818 998 1158 1161 1172 1482 1900 2009 2140 2165 2365 2456 2569 2598 2788 2828 3273 3314 3345 3385 3598 3852 3856 4020 4027 4206 4527 4646 4853 4855 5111 5207 5230 5578 5581 5700 5755 5894 5974 6049 6101 6146 6333 6496 6561 6615 6633 6835 6917 7316 7371 7482 7778 7818 7821 7898 7921 8026 8480 8601 8616 8622 8657 8713 8812 8872 8928 8972 9156 9181 9269 9504 9601 11598 11717 11748 11775 11790 11838 11850 11856 11902 11908 11937 11946 11947 11973 11977 11989 12015 12016 12017 12018 12046 12057 12058 12061 12088 12109 12114 12133 12144 12145 12162 12211 12222 12236 12237 12253 12259 12329 12342 12371 12396 12425 12426 12451 12485 12498 12506 12531 12545 12553 12563 12608 12641 12642 12713 12723 12783 13075 15774 17354 17570 18174 19915 19923 19924 19940 19944 19946 19948 19949 
	}
	weather={
	}
}
