
strategic_region={
	id=43
	name="STRATEGICREGION_43"
	provinces={
		215 219 352 480 514 1159 1568 1782 1916 1922 2073 2656 2914 3023 3185 3285 3484 4129 4641 4702 5197 5495 5692 5723 6024 6074 6387 6505 6536 7154 7521 7842 7860 8252 8646 8672 9037 9070 9139 10548 10574 10594 10638 10639 10652 10662 10676 10677 10682 10697 10702 10707 10715 10736 10746 10770 10787 10792 10828 10832 10834 10856 10880 10886 10912 10916 10935 11000 11060 15756 15878 15890 16102 16137 16297 16624 19043 19941 20000 20001 20002 20003 
	}
	weather={
	}
}
