
strategic_region={
	id=43
	name="STRATEGICREGION_43"
	provinces={
		104 173 284 352 354 431 439 498 505 514 529 628 629 1159 1437 1541 1671 1823 1916 1954 2010 2110 2227 2228 2239 2363 2656 2839 2903 2914 3023 3185 3201 3216 3484 3564 3589 3629 3880 3991 4140 4204 4438 4849 4956 5197 5235 5297 5495 5585 5619 5692 5723 5792 5793 5989 6118 6120 6121 6228 6265 6290 6395 6450 6505 6525 6632 6652 6697 6774 7834 8144 8207 8210 8250 8451 8979 9037 9393 9499 10436 10491 10505 10516 10517 10528 10539 10548 10563 10574 10582 10590 10594 10595 10627 10638 10639 10652 10668 10677 10679 10682 10687 10697 10699 10713 10715 10724 10730 10734 10746 10750 10753 10757 10758 10759 10770 10771 10783 10808 10815 10816 10817 10825 10828 10841 10887 15798 15868 15878 15890 16517 16775 18185 18245 18256 18261 18744 18960 19043 19071 
	}
	weather={
		period={
			between={ 0.0 30.11 }
			temperature={ -4.0 20.0 }
			no_phenomenon=0.500
			rain_light=0.300
			rain_heavy=0.050
			snow=0.200
			blizzard=0.000
			arctic_water=0.000
			mud=0.300
			sandstorm=0.000
			min_snow_level=0.000
		}
    }
}
