
strategic_region={
	id=44
	name="STRATEGICREGION_44"
	provinces={
		234 246 311 372 775 877 1049 1316 1463 1831 2334 2388 2535 2542 2601 2692 2958 3010 3034 3409 3428 3568 3574 3781 4076 4078 4274 4336 4365 4537 4598 4856 4974 5055 5243 5444 5498 5515 5549 5838 5984 6486 6490 6701 6782 6786 6797 6901 7055 7104 7109 7207 7307 7533 7700 7733 8067 8086 8111 8127 8385 8449 8452 8489 8534 8537 8568 8717 8745 8940 9098 9299 9350 9418 11243 11258 11259 11314 11345 11390 11391 11400 11409 11421 11422 11435 11450 11465 11466 11473 11482 11490 11506 11509 11514 11542 11547 11574 11605 11613 11633 11634 11646 11671 11672 11677 11694 11721 11737 11747 11767 11768 11774 11785 11795 11800 11801 11824 11825 11837 11845 11846 11855 11881 11900 11901 11906 11907 11936 11958 11972 11987 12027 19725 19855 19914 19920 19947 20466 20468 
	}
	weather={
		period={
			between={ 0.0 30.11 }
			temperature={ -4.0 20.0 }
			no_phenomenon=0.500
			rain_light=0.300
			rain_heavy=0.050
			snow=0.200
			blizzard=0.000
			arctic_water=0.000
			mud=0.300
			sandstorm=0.000
			min_snow_level=0.000
		}
    }
}
