
strategic_region={
	id=49
	name="STRATEGICREGION_49"
	provinces={
		21 93 490 531 612 648 692 888 893 967 982 1215 1284 1365 1393 1605 1674 1720 1907 1996 2384 2452 2709 2721 2910 3128 3672 3882 3960 4178 4183 4805 4819 4963 4985 5104 5480 5805 6166 6241 6247 6292 6352 6374 6407 6535 6768 6909 7112 7143 7550 7783 7787 8135 8136 8286 8491 8575 8638 8692 8694 8705 8794 15463 15500 15506 15509 15528 15543 15550 15554 15556 15564 15566 15583 15590 15598 15604 15606 15619 15631 15637 15653 15655 15659 15680 15692 15694 15701 15702 15708 15714 15716 15757 18525 18608 18617 18660 18753 18898 19154 19211 19212 19338 19339 19342 21247 21248 21250 21252 21256 21258 21261 21263 21264 21265 21267 21268 21269 21270 21272 21273 21275 21276 21277 21278 21279 21281 21282 21283 21284 21285 21286 21288 21289 21290 21291 21293 21294 21295 21296 21297 21298 21299 21300 21301 21302 21304 21305 21306 21308 21309 21310 21311 21313 21319 21321 21322 21323 21324 21326 21327 21328 21329 21330 21331 21333 21336 21337 21340 21341 21346 21349 
	}
	weather={
		period={
			between={ 0.0 30.11 }
			temperature={ -4.0 20.0 }
			no_phenomenon=0.500
			rain_light=0.300
			rain_heavy=0.050
			snow=0.200
			blizzard=0.000
			arctic_water=0.000
			mud=0.300
			sandstorm=0.000
			min_snow_level=0.000
		}
    }
}
