
strategic_region={
	id=50
	name="STRATEGICREGION_50"
	provinces={
		1298 1587 1639 1684 1757 2153 2235 2270 2336 2591 3248 3430 3451 8559 15849 15856 15866 15894 21108 21109 21110 21111 21112 21113 21114 21115 21116 21117 21118 21119 21120 21121 21122 21123 21124 21125 21126 21127 21128 21129 21130 21131 21132 21133 21134 21135 21137 21138 21140 21141 21142 21206 
	}
	weather={
		period={
			between={ 0.0 30.11 }
			temperature={ -4.0 20.0 }
			no_phenomenon=0.500
			rain_light=0.300
			rain_heavy=0.050
			snow=0.200
			blizzard=0.000
			arctic_water=0.000
			mud=0.300
			sandstorm=0.000
			min_snow_level=0.000
		}
    }
}
