
strategic_region={
	id=51
	name="STRATEGICREGION_51"
	provinces={
		359 636 1470 1660 1852 2034 2224 3232 3278 4085 4242 4278 4404 4405 4510 4739 4982 5291 5445 5941 6076 6159 6276 6341 6776 6912 7853 8195 8247 8766 15035 15089 15115 15145 15166 15216 15243 15284 15297 15304 15331 15337 15345 15402 15425 19727 19732 19733 19734 19735 19736 19737 19738 19739 19741 19742 19743 19744 
	}
	weather={
		period={
			between={ 0.0 30.11 }
			temperature={ -4.0 20.0 }
			no_phenomenon=0.500
			rain_light=0.300
			rain_heavy=0.050
			snow=0.200
			blizzard=0.000
			arctic_water=0.000
			mud=0.300
			sandstorm=0.000
			min_snow_level=0.000
		}
    }
}
