
strategic_region={
	id=52
	name="STRATEGICREGION_52"
	provinces={
		153 169 319 441 619 892 909 1197 1228 1300 1309 1471 1650 1685 1688 1760 1912 2103 2107 2136 2152 2362 2431 2506 2556 2562 2576 2623 2624 2734 3102 3164 3219 3272 3276 3341 3620 3662 3806 3872 3983 4098 4180 4191 4296 4534 4570 4583 4640 4652 4657 4990 4997 5119 5120 5129 5152 5215 5336 5364 5456 5594 5710 5714 5873 6124 6158 6183 6192 6226 6321 6336 6417 6432 6439 6478 6551 6626 6629 6647 6868 6942 6954 7452 7456 7483 7519 7724 7774 7900 7928 8002 8055 8077 8118 8165 8222 8270 8276 8299 8339 8425 8432 8542 8544 8609 8610 8645 8687 8706 8822 8839 8886 8908 8910 8942 8987 9046 9117 9172 9192 9229 9333 9472 9473 9573 9578 9600 9607 9622 9624 13385 13409 13444 13489 13490 13507 13508 13514 13520 13539 13549 13559 13574 13614 13631 13632 13640 13644 13649 13650 13651 13656 13671 13695 13696 13697 13698 13701 13707 13714 13727 13732 13733 13745 13758 13764 13775 13776 13777 13787 13790 13809 13820 13823 13824 13829 13842 13847 13853 13854 13870 13873 13876 13886 13896 13899 13913 13917 13926 13940 13941 13946 13947 13958 13963 13973 13974 13980 13988 13989 13996 14002 14003 14008 14011 14012 14018 14020 14027 14044 14050 14051 14055 14059 14060 14074 14080 14081 14084 14092 14097 14102 14108 14117 14124 14132 14145 14147 14154 14166 14177 14185 14188 14189 14195 14201 14213 14225 14231 14236 14259 14265 14275 14280 14285 14286 14287 14312 14323 14328 14335 14354 14382 14420 14451 15862 15985 16272 16298 16718 16808 17003 17112 17510 17640 17994 18170 18280 18337 18597 19226 20083 20086 20087 20088 20089 20090 20091 20092 20093 20095 20244 20245 20396 20397 20399 20400 20401 20402 20405 20406 20425 20853 20854 20855 20856 20857 20858 20859 20860 20861 20862 20863 20864 20865 
	}
	weather={
		period={
			between={ 0.0 30.11 }
			temperature={ -4.0 20.0 }
			no_phenomenon=0.500
			rain_light=0.300
			rain_heavy=0.050
			snow=0.200
			blizzard=0.000
			arctic_water=0.000
			mud=0.300
			sandstorm=0.000
			min_snow_level=0.000
		}
	}
}
