
strategic_region={
	id=53
	name="STRATEGICREGION_53"
	provinces={
		20 44 62 96 159 160 237 320 495 530 544 668 1154 1368 1401 1473 1547 1553 1667 1708 1728 1988 2514 2668 2688 2865 3019 3252 3362 3433 3738 4211 4409 4785 5118 5250 5627 5642 5774 6093 6296 6364 6460 6582 6649 6840 7023 7096 7215 8084 8790 9000 15806 15823 15852 15853 15857 15861 15867 15873 15874 15880 15882 15885 15887 15888 16128 17204 17545 17731 18055 18119 18544 18547 18550 18551 18572 18625 18662 18672 18703 18733 18749 19151 19152 19153 19156 19157 19161 19162 19163 19164 19165 19166 19175 19178 19217 19221 19222 19230 19232 19233 19234 19235 19236 20932 20959 20960 20961 
	}
	weather={
		period={
			between={ 0.0 30.11 }
			temperature={ -4.0 20.0 }
			no_phenomenon=0.500
			rain_light=0.300
			rain_heavy=0.050
			snow=0.200
			blizzard=0.000
			arctic_water=0.000
			mud=0.300
			sandstorm=0.000
			min_snow_level=0.000
		}
    }
}
