
strategic_region={
	id=54
	name="STRATEGICREGION_54"
	provinces={
		7 34 79 102 211 231 265 343 370 397 418 474 511 519 548 634 690 849 887 897 964 1070 1122 1192 1357 1449 1489 1603 1657 1667 1694 1727 1815 2014 2016 2081 2253 2298 2325 2430 2496 2514 2665 2975 3110 3148 3377 3471 3534 3613 4025 4080 4155 4449 4581 4609 4669 4737 4901 5007 5181 5227 5236 5263 5280 5421 5534 5560 5571 5642 5675 5712 5797 5858 5906 5979 6014 6043 6155 6197 6359 6503 6622 6877 7043 7123 7177 7185 7229 7253 7426 7551 7954 8103 8161 8227 8419 8519 8567 8670 8753 9636 15501 15523 15571 15582 15646 15676 15678 15685 15696 15698 15700 15709 15711 15723 15732 15734 15743 15747 15752 15753 15754 15758 15761 15769 15770 15773 15776 15778 15782 15787 15806 15810 15823 16604 17077 17233 17423 17694 18268 18309 18541 18544 18547 18550 18551 18554 18558 18560 18563 18565 18567 18568 18589 18593 18594 18596 18604 18605 18612 18625 18632 18634 18640 18652 18653 18654 18666 18670 18671 18681 18683 18694 18714 18715 18719 18724 18735 18736 18742 18749 18761 18763 18776 18777 18800 18801 18802 18810 18812 18839 18841 18844 18858 18860 18862 18868 18869 18873 18878 18881 18882 18886 18887 18959 19029 19110 19112 19117 19119 19120 19121 19122 19123 19124 19125 19126 19127 19128 19130 19131 19132 19133 19134 19135 19136 19137 19138 19139 19143 19144 19145 19146 19147 19148 19149 19150 19152 19155 19157 19159 19160 19161 19163 19165 19166 19201 19202 19204 19205 19206 19207 19208 19231 19237 19238 19241 19242 19249 19340 
	}
	weather={
	}
}
