
strategic_region={
	id=55
	name="STRATEGICREGION_55"
	provinces={
		98 946 2267 2321 2361 3079 3651 4015 4332 4470 4684 4704 4832 5067 6546 6600 6851 8107 8149 8388 8832 9665 15464 15468 15471 15472 15492 15504 15529 15537 15580 15593 15594 15595 15605 15632 18533 18553 18586 18658 18677 18686 18706 18804 18805 18806 18822 18823 18825 18826 18827 18831 18832 18834 18835 18836 18837 19077 19239 19240 19337 
	}
	weather={
		period={
			between={ 0.0 30.11 }
			temperature={ -4.0 20.0 }
			no_phenomenon=0.500
			rain_light=0.300
			rain_heavy=0.050
			snow=0.200
			blizzard=0.000
			arctic_water=0.000
			mud=0.300
			sandstorm=0.000
			min_snow_level=0.000
		}
    }
}
