
strategic_region={
	id=57
	name="STRATEGICREGION_57"
	provinces={
		610 676 788 794 935 1093 1135 1203 1321 1663 1678 2948 3067 3242 3735 4406 4429 4618 4665 5082 5457 5724 5736 5748 5756 5821 5967 6320 6779 6953 7235 7378 7469 7813 7836 7953 8791 8838 9357 15586 15622 15624 15634 15635 15641 15695 15737 20881 20889 20900 20905 20914 20934 20938 20939 20942 20944 20945 20946 20948 20949 20953 20955 20956 20973 21651 21652 21653 21654 
	}
	weather={
		period={
			between={ 0.0 30.11 }
			temperature={ -4.0 20.0 }
			no_phenomenon=0.500
			rain_light=0.300
			rain_heavy=0.050
			snow=0.200
			blizzard=0.000
			arctic_water=0.000
			mud=0.300
			sandstorm=0.000
			min_snow_level=0.000
		}
    }
}
