
strategic_region={
	id=58
	name="STRATEGICREGION_58"
	provinces={
		328 459 562 1441 1995 2584 2723 2779 3159 3845 3908 4934 5075 6431 6488 6598 7172 7336 7613 8348 8995 9119 15783 15790 15794 15800 15802 15803 15805 15813 19209 21145 21146 21147 21149 21150 21151 21152 21153 21154 21155 21158 21159 21160 21161 21162 21164 21165 21166 21168 21169 21173 21177 21181 21182 21183 21185 21186 21187 21189 21190 21192 21194 21198 21200 21201 21202 21203 21204 21205 21207 
	}
	weather={
		period={
			between={ 0.0 30.11 }
			temperature={ -4.0 20.0 }
			no_phenomenon=0.500
			rain_light=0.300
			rain_heavy=0.050
			snow=0.200
			blizzard=0.000
			arctic_water=0.000
			mud=0.300
			sandstorm=0.000
			min_snow_level=0.000
		}
    }
}
