
strategic_region={
	id=60
	name="STRATEGICREGION_60"
	provinces={
		300 1385 2036 2319 3306 3429 4418 4720 5754 6062 6858 6880 7179 7289 7535 7616 8676 14969 14980 14987 14996 15000 15004 15010 15013 15016 15017 15020 15028 15029 15043 15047 15066 15119 15128 15164 15180 15194 15200 15201 15214 15215 15227 16530 17220 17600 19168 19169 19172 21417 21421 21429 21434 21435 21436 21437 21438 21439 21441 21442 21443 21444 21445 21447 21448 21450 21453 21454 21455 21456 21462 21463 21464 21465 21466 21467 21468 21553 21555 21556 
	}
	weather={
		period={
			between={ 0.0 30.11 }
			temperature={ -4.0 20.0 }
			no_phenomenon=0.500
			rain_light=0.300
			rain_heavy=0.050
			snow=0.200
			blizzard=0.000
			arctic_water=0.000
			mud=0.300
			sandstorm=0.000
			min_snow_level=0.000
		}
    }
}
