
strategic_region={
	id=64
	name="STRATEGICREGION_64"
	provinces={
		81 240 276 282 716 816 1050 1335 1716 1774 2380 2719 3214 3600 4248 4322 4664 4891 4894 4950 5363 5465 5595 5914 6176 6201 6671 6882 7138 7163 7341 7356 7367 7434 7578 7581 7725 7792 7932 8302 8430 8508 8727 9110 9128 9366 9497 10810 10830 10903 10927 10938 10944 10956 10963 10964 10967 10968 10969 10980 10986 11003 11008 11012 11031 11039 11065 11075 11089 11102 11111 11120 11129 11148 11149 11158 11179 11183 11192 11207 11224 11225 11232 11253 11254 11293 11294 11299 11319 11324 11342 11353 11360 11372 11383 11389 11405 11406 11420 11438 11463 11479 11532 11540 11552 11557 11565 11570 11645 11700 11718 18643 18767 19644 19645 19646 19647 19879 19899 20646 20647 20648 20649 20650 20651 20656 20661 20678 20679 20680 20684 20686 20687 20688 20689 20690 20691 20692 20693 20696 20730 20746 
	}
	weather={
		period={
			between={ 0.0 30.11 }
			temperature={ -4.0 20.0 }
			no_phenomenon=0.500
			rain_light=0.300
			rain_heavy=0.050
			snow=0.200
			blizzard=0.000
			arctic_water=0.000
			mud=0.300
			sandstorm=0.000
			min_snow_level=0.000
		}
	}
}
