
strategic_region={
	id=64
	name="STRATEGICREGION_64"
	provinces={
		81 240 276 282 632 716 816 1050 1243 1335 1716 1774 2180 2240 2380 2719 3214 3499 3600 3701 4109 4248 4322 4395 4664 4781 4891 4894 4950 4980 5363 5465 5559 5595 5914 6176 6201 6210 6671 6882 7000 7138 7156 7163 7246 7250 7341 7356 7367 7434 7503 7578 7581 7725 7792 7826 7932 7991 8069 8140 8232 8302 8357 8430 8508 8727 9029 9110 9128 9221 9366 9497 10810 10830 10903 10927 10938 10944 10956 10963 10964 10967 10968 10969 10980 10986 11003 11008 11012 11031 11039 11065 11075 11089 11102 11111 11120 11129 11148 11149 11158 11179 11183 11192 11207 11224 11225 11232 11253 11254 11293 11294 11295 11299 11319 11324 11342 11343 11353 11360 11372 11383 11389 11398 11405 11406 11420 11430 11438 11463 11479 11508 11532 11540 11552 11557 11565 11570 11645 11675 11684 11700 11718 11730 11744 11745 11756 11757 11762 11764 11783 11787 11817 11818 11819 11835 11843 11848 11876 11932 11940 18643 18767 19644 19645 19646 19647 19879 19899 20641 20646 20647 20648 20649 20650 20651 20655 20656 20657 20658 20659 20660 20661 20662 20663 20666 20667 20673 20674 20677 20678 20679 20680 20681 20682 20683 20684 20685 20686 20687 20688 20689 20690 20691 20692 20693 20694 20696 20697 20699 20701 20730 20746 
	}
	weather={
		period={
			between={ 0.0 30.11 }
			temperature={ -4.0 20.0 }
			no_phenomenon=0.500
			rain_light=0.300
			rain_heavy=0.050
			snow=0.200
			blizzard=0.000
			arctic_water=0.000
			mud=0.300
			sandstorm=0.000
			min_snow_level=0.000
		}
    }
}
