
strategic_region={
	id=66
	name="STRATEGICREGION_66"
	provinces={
		5 69 187 473 500 564 656 657 712 811 848 1008 1052 1146 1220 1222 1266 1267 1500 1640 1740 1894 2184 2309 2369 2417 2503 2614 3131 3140 3256 3529 3721 4371 4728 4900 5054 6071 7204 7296 7396 7439 8367 8373 9017 9671 15669 15683 15686 15811 15820 15826 15863 15889 16189 18239 18891 20962 20963 20964 21136 21139 21144 21156 21645 
	}
	weather={
		period={
			between={ 0.0 30.11 }
			temperature={ -4.0 20.0 }
			no_phenomenon=0.500
			rain_light=0.300
			rain_heavy=0.050
			snow=0.200
			blizzard=0.000
			arctic_water=0.000
			mud=0.300
			sandstorm=0.000
			min_snow_level=0.000
		}
    }
}
