
strategic_region={
	id=68
	name="STRATEGICREGION_68"
	provinces={
		535 567 660 1609 2462 2943 3304 3724 3900 4904 5106 5275 5719 6462 6493 6951 7035 7097 7350 7377 7501 7559 7811 8041 8112 8233 8464 8466 8680 9170 9193 9212 9307 9343 12118 12122 12143 12153 12158 12159 12167 12182 12183 12184 12194 12208 12209 12210 12216 12220 12227 12245 12251 12257 12258 12262 12267 12268 12287 12320 12321 12326 12327 12337 12338 12345 12346 12355 12356 12363 12378 12379 12391 12392 12402 12415 12423 12428 12435 12472 12479 12489 12504 12517 12544 12562 12607 12612 18531 18536 18720 18725 18748 18815 18816 18818 18846 18879 20608 20609 20610 20611 20612 20613 20614 20616 20619 20621 20622 20623 20624 20626 20627 20628 20630 20631 
	}
	weather={
		period={
			between={ 0.0 30.11 }
			temperature={ -4.0 20.0 }
			no_phenomenon=0.500
			rain_light=0.300
			rain_heavy=0.050
			snow=0.200
			blizzard=0.000
			arctic_water=0.000
			mud=0.300
			sandstorm=0.000
			min_snow_level=0.000
		}
    }
}
