
strategic_region={
	id=69
	name="STRATEGICREGION_69"
	provinces={
		680 805 1102 1190 1359 1554 1691 1934 2247 2447 2578 2720 2992 3680 4240 4306 4484 4787 5143 5185 5248 5265 5314 5668 5845 5847 6067 6130 6184 6358 6373 6443 6528 6556 7493 7802 8292 8569 8870 8905 8971 9072 9495 9515 9553 9579 11361 11365 11373 11424 11447 11480 11500 11525 11544 11579 11588 11603 11638 11639 11654 11663 11685 11711 11720 11763 11766 11789 11810 11830 11853 11860 11868 11869 11895 11915 11956 11975 11976 11983 11985 12014 12043 12054 12079 12101 20565 20566 20567 20568 20569 20570 20571 20574 20575 20576 20577 20579 20580 20582 20583 20585 20586 20588 20589 20590 20591 20592 20593 20594 20595 20596 20618 20620 20636 20638 
	}
	weather={
		period={
			between={ 0.0 30.11 }
			temperature={ -4.0 20.0 }
			no_phenomenon=0.500
			rain_light=0.300
			rain_heavy=0.050
			snow=0.200
			blizzard=0.000
			arctic_water=0.000
			mud=0.300
			sandstorm=0.000
			min_snow_level=0.000
		}
	}
}
