
strategic_region={
	id=70
	name="STRATEGICREGION_70"
	provinces={
		395 740 1053 1243 3694 3701 4109 4781 4980 5014 5615 5921 6210 6357 7000 7174 7246 7503 7618 7690 7843 7903 7938 8069 8133 8232 8574 8700 8976 9136 9214 9221 9545 9603 11675 11744 11745 11762 11764 11783 11817 11818 11819 11835 11843 11867 11876 11887 11888 11898 11914 11931 11932 11944 11952 11970 11974 11995 12083 12084 12141 12166 12201 12207 12250 12286 20662 20664 20682 20683 20685 20694 20697 20698 20699 20700 20701 20702 20703 20704 20706 20707 20708 20709 20710 20711 20712 
	}
	weather={
		period={
			between={ 0.0 30.11 }
			temperature={ -4.0 20.0 }
			no_phenomenon=0.500
			rain_light=0.300
			rain_heavy=0.050
			snow=0.200
			blizzard=0.000
			arctic_water=0.000
			mud=0.300
			sandstorm=0.000
			min_snow_level=0.000
		}
	}
}
