
strategic_region={
	id=72
	name="STRATEGICREGION_72"
	provinces={
		394 458 1003 1737 2232 2557 2666 2689 2729 2852 3013 3161 3263 3414 4036 4214 4876 5305 5541 5807 6060 6161 6456 7118 7477 7595 7644 7770 7897 8230 8267 9056 9608 9652 15261 15266 15270 15276 15286 15306 15308 15323 15329 15339 15354 15357 15372 15392 15414 15423 15439 15448 15453 15475 15485 15514 15525 15536 15548 19336 21353 21354 21356 21357 21358 21359 21363 21364 21368 21371 21373 21377 21378 21379 21382 21383 21385 21386 21387 21388 21392 21394 21399 21400 21402 21406 21409 21412 21414 21416 21470 
	}
	weather={
		period={
			between={ 0.0 30.11 }
			temperature={ -4.0 20.0 }
			no_phenomenon=0.500
			rain_light=0.300
			rain_heavy=0.050
			snow=0.200
			blizzard=0.000
			arctic_water=0.000
			mud=0.300
			sandstorm=0.000
			min_snow_level=0.000
		}
	}
}
