
strategic_region={
	id=73
	name="STRATEGICREGION_73"
	provinces={
		662 732 832 2296 2423 2736 2737 3137 3240 3585 3590 3633 4136 4138 4158 4260 4340 4506 4595 4771 4873 4918 5110 5409 5981 6583 6913 6982 7089 7131 7167 7210 7345 8422 8659 8763 8977 9238 9517 9533 15320 15333 15346 15352 15370 15379 15380 15384 15396 15404 15409 15412 15426 15450 15460 15493 15515 18579 19190 19192 19194 21360 21361 21365 21367 21369 21374 21376 21380 21381 21384 21389 21391 21395 21397 21398 21472 21473 21488 21560 21561 21584 21589 21590 21591 21592 21594 21595 21596 21621 21622 21623 21624 21625 
	}
	weather={
		period={
			between={ 0.0 30.11 }
			temperature={ -4.0 20.0 }
			no_phenomenon=0.500
			rain_light=0.300
			rain_heavy=0.050
			snow=0.200
			blizzard=0.000
			arctic_water=0.000
			mud=0.300
			sandstorm=0.000
			min_snow_level=0.000
		}
	}
}
