
strategic_region={
	id=74
	name="STRATEGICREGION_74"
	provinces={
		329 368 413 512 630 977 1149 1174 1371 1564 1877 1893 2030 2520 2595 2785 2931 2940 3004 3058 3108 3205 3412 3423 3780 3859 4321 4517 4614 4775 4791 4825 4831 5212 5370 5699 5875 5913 6437 6568 6579 7071 7106 7285 7391 7716 7793 7888 7972 8119 8428 8679 8760 8890 8969 9206 9251 15080 15111 15134 15135 15159 15172 15173 15174 15185 15195 15196 15197 15202 15203 15204 15205 15210 15218 15225 15228 15231 15232 15234 15235 15236 15245 15258 15259 15277 15279 15281 15292 15294 15300 15310 15311 15317 15325 18730 19174 19179 19182 19185 21403 21405 21407 21408 21410 21411 21415 21418 21419 21422 21425 21426 21428 21431 21432 21433 21440 21549 21563 21564 21565 21566 21567 21568 21569 21570 21598 21599 21600 21601 21602 21603 21604 21605 21606 21607 21608 21609 21610 21612 21614 21616 21617 21618 21619 
	}
	weather={
		period={
			between={ 0.0 30.11 }
			temperature={ -4.0 20.0 }
			no_phenomenon=0.500
			rain_light=0.300
			rain_heavy=0.050
			snow=0.200
			blizzard=0.000
			arctic_water=0.000
			mud=0.300
			sandstorm=0.000
			min_snow_level=0.000
		}
	}
}
