
strategic_region={
	id=78
	name="STRATEGICREGION_78"
	provinces={
		741 827 960 1156 1176 1232 1576 2117 2129 2194 2753 3146 3347 3505 3596 3850 4012 4232 4300 4522 4965 5223 5385 5454 5762 5935 6078 6245 6539 6664 6730 7187 7492 7780 8220 8586 8606 8627 8884 9400 9647 14324 14369 14403 14415 14525 14572 14574 14598 14619 14623 14649 14650 14656 14672 14686 14691 14693 14697 14704 14710 14719 14735 14743 14746 14755 14761 14762 14766 14791 17167 20363 20364 20365 20383 20385 20417 
	}
	weather={
		period={
			between={ 0.0 30.11 }
			temperature={ -4.0 20.0 }
			no_phenomenon=0.500
			rain_light=0.300
			rain_heavy=0.050
			snow=0.200
			blizzard=0.000
			arctic_water=0.000
			mud=0.300
			sandstorm=0.000
			min_snow_level=0.000
		}
    }
}
