
strategic_region={
	id=78
	name="STRATEGICREGION_78"
	provinces={
		39 707 924 1861 2175 2181 2552 2716 2967 3403 3486 3488 3830 3926 4160 4330 4381 4478 4591 4928 5125 5151 5737 6048 6221 6658 6938 7233 7344 7719 7767 7835 8010 8049 8400 8593 8612 8636 8735 8798 8939 9166 9250 9320 9648 13377 13457 13468 13469 13530 13541 13615 13659 13675 13676 13719 13746 13784 13805 13837 13859 13868 13907 13920 13949 13955 13959 13977 14021 14047 14065 14103 14119 14139 14175 14202 14222 14233 14273 14317 16902 18713 20390 20391 20392 20445 20446 20447 20448 20449 20450 20451 20452 20453 
	}
	weather={
	}
}
