
strategic_region={
	id=79
	name="STRATEGICREGION_79"
	provinces={
		148 191 208 1193 1586 1766 2028 2376 2412 2590 2784 3099 3243 3720 3813 3959 4065 4093 4428 4454 4501 4539 4552 4881 4960 5279 5349 5589 5640 5659 5680 5876 6220 6330 6526 6706 6826 7460 7686 7873 7893 8160 8171 8275 8412 8505 8801 9335 9373 9623 13587 13588 13684 13685 13734 13740 13741 13771 13796 13830 13831 13848 13849 13863 13867 13900 13904 13918 13923 13942 13943 13948 13954 13975 14028 14045 14046 14052 14061 14075 14076 14093 14098 14118 14125 14126 14127 14142 14146 14167 14190 14196 14205 14209 14216 14221 14226 14227 14237 14246 14254 14266 17314 17799 18093 18344 20387 20398 20403 20404 20407 20419 20420 20421 20422 20423 20424 20426 20427 20428 20429 20430 20431 20455 
	}
	weather={
		period={
			between={ 0.0 30.11 }
			temperature={ -4.0 20.0 }
			no_phenomenon=0.500
			rain_light=0.300
			rain_heavy=0.050
			snow=0.200
			blizzard=0.000
			arctic_water=0.000
			mud=0.300
			sandstorm=0.000
			min_snow_level=0.000
		}
    }
}
