
strategic_region={
	id=82
	name="STRATEGICREGION_82"
	provinces={
		750 993 1264 2372 2873 3440 3443 3449 3642 3682 3779 3956 4119 4318 4538 4675 5165 5315 5618 5772 5832 5987 6035 6986 7393 7461 7681 7708 7899 8647 9301 9401 9438 14708 14728 14738 14741 14753 14759 14768 14776 14777 14788 14815 14816 14847 14862 14864 14880 14920 14944 14964 19754 19755 19756 19757 19763 19802 19810 20523 20524 20539 
	}
	weather={
		period={
			between={ 0.0 30.11 }
			temperature={ -4.0 20.0 }
			no_phenomenon=0.500
			rain_light=0.300
			rain_heavy=0.050
			snow=0.200
			blizzard=0.000
			arctic_water=0.000
			mud=0.300
			sandstorm=0.000
			min_snow_level=0.000
		}
	}
}
