
strategic_region={
	id=83
	name="STRATEGICREGION_83"
	provinces={
		190 233 939 996 1129 1270 2597 2712 3068 3111 3287 3396 3514 3555 3556 3667 3718 3760 4205 4241 4439 4862 5050 5116 5149 5202 5491 6017 6051 6287 6400 6442 6458 6459 6516 6588 7128 7584 7875 8228 8308 8581 8785 8889 9184 9211 9247 9261 9359 9469 9632 9645 9673 14665 14673 14678 14679 14694 14720 14726 14732 14740 14751 14752 14758 14763 14783 14792 14795 14799 14807 14811 14814 14822 14826 14829 14830 14835 14846 14853 14854 14861 14883 14884 14885 14889 14905 14915 14924 14925 14934 14943 14946 14947 14953 14957 14990 15007 19728 19729 19730 19731 19753 19788 19789 19790 19791 19792 19797 20517 20518 20519 20520 20521 
	}
	weather={
		period={
			between={ 0.0 30.11 }
			temperature={ -4.0 20.0 }
			no_phenomenon=0.500
			rain_light=0.300
			rain_heavy=0.050
			snow=0.200
			blizzard=0.000
			arctic_water=0.000
			mud=0.300
			sandstorm=0.000
			min_snow_level=0.000
		}
    }
}
