
strategic_region={
	id=84
	name="STRATEGICREGION_84"
	provinces={
		411 528 605 2045 2065 2148 2373 2726 2859 2888 3048 3160 3365 3722 4142 4212 4308 4769 4874 5482 5488 5532 5685 5767 5963 6630 6733 6988 7598 7659 8300 8410 8546 8654 9050 9336 9583 14959 14991 15032 15065 15077 15095 15096 15100 15103 15108 15117 15120 15124 15140 15148 15149 15171 15179 15222 15226 15246 15250 15255 15269 15283 19748 19749 19750 19751 19752 19781 19785 19786 19787 19800 20509 20510 20511 20512 20513 20514 20515 
	}
	weather={
		period={
			between={ 0.0 30.11 }
			temperature={ -4.0 20.0 }
			no_phenomenon=0.500
			rain_light=0.300
			rain_heavy=0.050
			snow=0.200
			blizzard=0.000
			arctic_water=0.000
			mud=0.300
			sandstorm=0.000
			min_snow_level=0.000
		}
    }
}
