
strategic_region={
	id=86
	name="STRATEGICREGION_86"
	provinces={
		15 110 400 952 995 1039 1254 1516 1526 1611 1785 2434 2770 2830 3083 3112 3812 4026 4047 4165 4706 4758 5098 5477 5683 5732 5851 5892 6033 6550 6552 7304 7546 8106 8365 8696 8920 9384 15355 15364 15389 15393 15399 15408 15411 15416 15422 15428 15442 15458 15474 15496 15513 19765 19766 19767 19769 19770 19771 19772 19773 19774 19775 19776 19777 19794 19795 19796 19798 
	}
	weather={
		period={
			between={ 0.0 30.11 }
			temperature={ -4.0 20.0 }
			no_phenomenon=0.500
			rain_light=0.300
			rain_heavy=0.050
			snow=0.200
			blizzard=0.000
			arctic_water=0.000
			mud=0.300
			sandstorm=0.000
			min_snow_level=0.000
		}
    }
}
