
strategic_region={
	id=87
	name="STRATEGICREGION_87"
	provinces={
		149 724 783 824 1225 1537 1676 1777 1854 1941 1986 2015 2216 2606 2751 2915 3072 3085 3170 3239 3372 3725 3834 3923 4016 4124 4167 4621 4760 5346 5379 5881 5915 6248 6510 6703 6829 6941 7443 7479 7624 7758 7918 8733 8835 8848 9034 9180 9210 9551 9598 14372 14387 14430 14431 14435 14439 14447 14465 14485 14527 14548 14553 14589 14603 14634 14639 14646 14658 14711 14721 19817 19823 19828 19829 19830 19834 19856 20491 20492 20493 20522 20526 
	}
	weather={
		period={
			between={ 0.0 30.11 }
			temperature={ -4.0 20.0 }
			no_phenomenon=0.500
			rain_light=0.300
			rain_heavy=0.050
			snow=0.200
			blizzard=0.000
			arctic_water=0.000
			mud=0.300
			sandstorm=0.000
			min_snow_level=0.000
		}
	}
}
