
strategic_region={
	id=88
	name="STRATEGICREGION_88"
	provinces={
		479 766 1744 2150 2444 2586 2715 2929 3235 3333 3547 4400 4435 4482 4740 5381 5478 6011 6624 7144 7175 7718 7944 7962 8314 8467 8671 8975 9231 9248 9356 12481 12503 12542 12549 12581 12671 12699 12726 12736 12754 12806 12822 12844 12852 12857 12880 12895 12901 12909 12938 12945 12958 12984 13013 13023 13059 13089 13129 13205 13246 13307 13380 13395 13419 13423 13438 13446 13483 13562 16096 16295 16442 16640 16743 17274 19846 19847 19851 19864 19904 20486 20490 20504 
	}
	weather={
		period={
			between={ 0.0 30.11 }
			temperature={ -4.0 20.0 }
			no_phenomenon=0.500
			rain_light=0.300
			rain_heavy=0.050
			snow=0.200
			blizzard=0.000
			arctic_water=0.000
			mud=0.300
			sandstorm=0.000
			min_snow_level=0.000
		}
	}
}
