
strategic_region={
	id=89
	name="STRATEGICREGION_89"
	provinces={
		65 73 497 1406 1797 1882 1891 2482 2498 2973 3177 3307 3520 3542 3818 3866 3935 4143 4392 4555 4933 5137 5138 5208 5375 5887 6087 6106 6129 6200 6429 6469 6562 6834 6865 6945 7085 7234 7286 7332 7440 7539 7646 7739 7971 8206 8296 8352 8378 8744 8767 8956 9257 9341 9368 9556 9654 12325 12447 12471 12493 12502 12516 12521 12522 12528 12533 12557 12593 12597 12617 12620 12637 12659 12664 12716 12760 12766 12771 12790 12797 12814 12823 12835 12870 12894 12900 12908 12937 12952 12976 12992 13002 13003 13027 13053 13068 13088 13099 13114 13124 13125 13152 13153 13169 13185 13217 13229 13257 13260 16150 19850 19853 19865 19884 19885 19887 19888 19890 
	}
	weather={
		period={
			between={ 0.0 30.11 }
			temperature={ -4.0 20.0 }
			no_phenomenon=0.500
			rain_light=0.300
			rain_heavy=0.050
			snow=0.200
			blizzard=0.000
			arctic_water=0.000
			mud=0.300
			sandstorm=0.000
			min_snow_level=0.000
		}
	}
}
