
strategic_region={
	id=90
	name="STRATEGICREGION_90"
	provinces={
		35 953 1046 1087 1235 1672 1730 1899 2934 2987 3303 3399 3453 4610 5794 5803 5890 6299 6613 6678 6841 6863 6929 7011 7433 7447 7478 7502 7544 7670 7768 8461 8596 9100 9439 9456 13544 13611 13618 13630 13636 13654 13678 13679 13702 13724 13737 13749 13755 13756 13795 13803 13804 13811 13822 13875 13922 13925 13964 14016 14039 14040 14162 14173 14198 19838 19839 19841 20503 
	}
	weather={
		period={
			between={ 0.0 30.11 }
			temperature={ -4.0 20.0 }
			no_phenomenon=0.500
			rain_light=0.300
			rain_heavy=0.050
			snow=0.200
			blizzard=0.000
			arctic_water=0.000
			mud=0.300
			sandstorm=0.000
			min_snow_level=0.000
		}
	}
}
