
strategic_region={
	id=91
	name="STRATEGICREGION_91"
	provinces={
		100 174 261 620 835 1217 1248 1448 1752 1903 2229 2258 2339 2564 3047 3627 3697 3998 4182 4223 4317 4384 4755 4917 4929 4951 5307 5415 5489 5920 6233 6454 6470 6715 6807 6831 6859 6902 7047 7049 7203 7214 7261 7290 7342 7399 7410 7459 7639 7797 8068 8138 8260 8264 8331 8397 8468 8584 8650 8715 8933 8944 9025 9123 9132 9609 14054 14068 14101 14121 14122 14129 14152 14169 14181 14187 14234 14269 14288 14352 14366 14395 14400 14416 14448 14454 14455 14554 14563 14581 14609 14610 14617 14628 14635 14642 14657 14659 14689 14692 14729 14749 14793 19809 19815 19824 19825 19831 19832 20487 20527 
	}
	weather={
		period={
			between={ 0.0 30.11 }
			temperature={ -4.0 20.0 }
			no_phenomenon=0.500
			rain_light=0.300
			rain_heavy=0.050
			snow=0.200
			blizzard=0.000
			arctic_water=0.000
			mud=0.300
			sandstorm=0.000
			min_snow_level=0.000
		}
	}
}
