
strategic_region={
	id=92
	name="STRATEGICREGION_92"
	provinces={
		99 145 440 494 1126 1219 1256 1340 1341 1416 1662 1794 1973 2029 2032 2190 2470 2887 3226 3301 3358 3535 3679 3799 3954 4229 4293 4495 5238 5521 6187 6234 6274 6366 6491 6557 6609 6843 6906 7088 7362 7386 7653 7754 8273 8310 8500 8509 8807 8853 8959 9032 9207 9387 9516 9560 9580 13132 13168 13211 13222 13245 13268 13269 13285 13295 13331 13363 13392 13393 13394 13417 13418 13471 13482 13494 13495 13511 13528 13543 13561 13592 13606 13629 13635 13663 13664 13677 13693 13694 13712 13715 13723 13731 13769 13794 13810 13818 13846 13852 13857 13869 13882 13883 13891 13892 13921 13935 14005 14006 19813 19826 19835 19886 19889 
	}
	weather={
		period={
			between={ 0.0 30.11 }
			temperature={ -4.0 20.0 }
			no_phenomenon=0.500
			rain_light=0.300
			rain_heavy=0.050
			snow=0.200
			blizzard=0.000
			arctic_water=0.000
			mud=0.300
			sandstorm=0.000
			min_snow_level=0.000
		}
	}
}
