
strategic_region={
	id=92
	name="STRATEGICREGION_92"
	provinces={
		99 145 494 673 1126 1219 1341 1416 1973 2029 2190 2226 2526 3100 3954 4293 4362 4495 4502 5178 5238 5521 5635 5819 6187 6195 6557 6727 6919 7016 7362 7386 7749 8134 8273 8310 8500 8509 8561 8842 9387 9560 9580 13132 13168 13211 13222 13245 13268 13269 13285 13295 13392 13393 13417 13422 13453 13454 13470 13471 13482 13494 13511 13518 13533 13534 13543 13561 13578 13592 13596 13617 13629 13635 13663 13670 13677 13692 13693 13700 13712 13722 13723 13731 13748 13762 13834 19813 19835 19886 19889 20505 
	}
	weather={
		period={
			between={ 0.0 30.11 }
			temperature={ -4.0 20.0 }
			no_phenomenon=0.500
			rain_light=0.300
			rain_heavy=0.050
			snow=0.200
			blizzard=0.000
			arctic_water=0.000
			mud=0.300
			sandstorm=0.000
			min_snow_level=0.000
		}
	}
}
