
strategic_region={
	id=93
	name="STRATEGICREGION_93"
	provinces={
		202 1068 1109 1780 2308 2504 2661 3088 3366 4474 5198 5728 5765 5770 6065 6377 6444 6464 7052 7064 7184 8072 8439 8757 8787 8858 9066 9337 9649 13890 13906 13938 13979 13993 13999 14019 14038 14067 14110 14156 14183 14192 14203 14260 14268 14318 19821 19822 19836 19837 19842 19843 19844 19857 19858 19859 19866 19869 
	}
	weather={
		period={
			between={ 0.0 30.11 }
			temperature={ -4.0 20.0 }
			no_phenomenon=0.500
			rain_light=0.300
			rain_heavy=0.050
			snow=0.200
			blizzard=0.000
			arctic_water=0.000
			mud=0.300
			sandstorm=0.000
			min_snow_level=0.000
		}
	}
}
