
strategic_region={
	id=94
	name="STRATEGICREGION_94"
	provinces={
		64 661 773 895 914 948 1325 1369 1628 1631 1734 1756 1845 2183 2320 2389 2427 2486 2696 2778 3005 3082 3114 3167 3195 3241 3465 3817 3860 4107 4289 4368 4372 4421 4577 4642 4907 4943 5033 5046 5186 5192 5374 5461 5905 6002 6039 6264 6396 6487 6498 6560 6567 6574 6759 6830 6862 7205 7209 7305 7368 7467 7541 7695 7788 7851 7894 7907 8001 8148 8189 8463 8502 8570 8571 8579 8629 8808 8831 8834 8912 8963 8999 9125 9270 9292 9512 11926 11988 12024 12056 12080 12093 12094 12095 12103 12108 12113 12120 12124 12125 12161 12168 12173 12178 12179 12221 12235 12279 12295 12314 12323 12328 12341 12348 12395 12406 12416 12417 12424 12429 12430 12431 12450 12462 12463 12475 12483 12497 12505 12511 12512 12518 12525 12530 12536 12558 12559 12568 12585 12586 12587 12588 12601 12622 12631 12648 12657 12658 12676 12677 12678 12679 12706 12712 12722 12728 12733 12739 12743 12744 12747 12773 12780 12781 12782 12787 12793 12808 12826 12840 12847 12848 12859 12865 12871 12872 12873 12905 12911 12920 12926 12959 12960 13018 13033 18227 19909 19910 19911 19912 19913 19937 19938 19939 
	}
	weather={
		period={
			between={ 0.0 30.11 }
			temperature={ -4.0 20.0 }
			no_phenomenon=0.500
			rain_light=0.300
			rain_heavy=0.050
			snow=0.200
			blizzard=0.000
			arctic_water=0.000
			mud=0.300
			sandstorm=0.000
			min_snow_level=0.000
		}
    }
}
