
strategic_region={
	id=95
	name="STRATEGICREGION_95"
	provinces={
		484 674 708 748 1035 1725 2057 2095 2115 2530 2829 2932 3207 3349 3481 3919 4095 4382 4473 4806 5072 5107 5647 5663 5690 6144 6762 7416 8253 8337 8492 8562 9267 9308 9566 9655 10892 10933 10950 10958 10971 11004 11027 11040 11058 11076 11077 11098 11099 11130 11150 11151 11180 11194 11209 11242 11265 11266 11278 11313 11331 11344 11374 11399 11425 11481 18556 19024 20541 20542 20543 20544 20546 20548 20549 20552 20560 20561 20562 
	}
	weather={
	}
}
