
strategic_region={
	id=95
	name="STRATEGICREGION_95"
	provinces={
		484 674 708 748 1035 1518 1725 2057 2095 2115 2530 2829 2932 3207 3349 3427 3481 3525 3839 3919 4095 4157 4259 4382 4473 4806 5072 5107 5647 5663 5690 6144 6502 6757 6762 7416 7438 8253 8337 8492 8562 9069 9267 9308 9334 9566 9655 10892 10933 10950 10958 10971 11004 11027 11040 11058 11076 11077 11098 11099 11130 11150 11151 11180 11194 11209 11242 11265 11266 11278 11313 11331 11344 11354 11366 11374 11399 11425 11448 11481 11513 11545 11580 11581 11623 11686 11732 11799 18556 19024 20541 20542 20543 20544 20546 20548 20549 20550 20551 20552 20555 20560 20561 20562 20564 20573 20578 20587 20597 
	}
	weather={
		period={
			between={ 0.0 30.11 }
			temperature={ -4.0 20.0 }
			no_phenomenon=0.500
			rain_light=0.300
			rain_heavy=0.050
			snow=0.200
			blizzard=0.000
			arctic_water=0.000
			mud=0.300
			sandstorm=0.000
			min_snow_level=0.000
		}
	}
}
