
strategic_region={
	id=96
	name="STRATEGICREGION_96"
	provinces={
		215 480 506 769 908 972 1036 1069 1361 1782 1829 1944 2037 2179 2638 2663 2766 2909 3258 3416 3492 3656 3851 3883 4024 4037 4118 4129 4175 4195 4200 4316 4641 4801 4911 5133 5180 5558 5860 5870 5893 6061 6074 6316 6387 6824 6989 7409 7451 7463 7705 7795 8032 8170 8356 8374 8646 8672 8901 9033 9102 9139 9146 9241 9254 10676 10702 10707 10736 10787 10832 10834 10880 10886 10912 10947 10959 10978 10982 11015 11019 11028 11041 11045 11069 11103 11104 11125 11133 11169 11200 11201 11211 11212 11238 11270 11279 11283 11315 11332 11333 11334 11346 11376 11377 11378 11379 11384 11385 11410 11436 11439 11440 11441 11467 11477 11483 11484 11501 11510 11511 11518 11519 11534 11548 11575 11591 11599 11606 11641 15756 15764 16102 16137 16297 16624 18201 18650 19943 
	}
	weather={
		period={
			between={ 0.0 30.11 }
			temperature={ -4.0 20.0 }
			no_phenomenon=0.500
			rain_light=0.300
			rain_heavy=0.050
			snow=0.200
			blizzard=0.000
			arctic_water=0.000
			mud=0.300
			sandstorm=0.000
			min_snow_level=0.000
		}
    }
}
