
strategic_region={
	id=96
	name="STRATEGICREGION_96"
	provinces={
		769 821 972 1036 1069 1134 1151 1178 2037 2407 2542 2909 3010 3258 3416 3428 3656 4024 4037 4188 4195 4200 4532 4537 4816 5039 5239 5498 5503 5558 5838 5860 5893 5922 6082 6316 6989 7232 7325 7649 7795 7930 8153 8303 8356 8717 8864 8901 8940 8988 9146 9152 9262 10982 11014 11015 11045 11055 11059 11068 11078 11092 11100 11103 11123 11124 11125 11139 11143 11169 11191 11195 11196 11200 11211 11238 11249 11259 11279 11283 11332 11333 11376 11384 11409 11422 11439 11467 11483 11484 11490 11501 11514 11518 11526 11553 11582 11597 11614 11634 11640 11655 11672 11688 11702 11712 11741 18201 19925 19931 19932 19943 19945 20462 20463 20465 20466 20468 
	}
	weather={
	}
}
