
strategic_region={
	id=98
	name="STRATEGICREGION_98"
	provinces={
		910 1655 1875 2119 2798 2881 3678 3936 4479 4744 4789 5053 6135 6343 6344 6433 6540 6668 6704 6743 7132 7540 7715 8460 8943 9078 9376 13637 13665 13682 13703 13716 13725 13726 13744 13757 13763 13770 13782 13812 13819 13835 13858 13861 13884 13893 13897 13930 13939 13957 13961 13965 13966 13967 13984 13985 14009 14014 14017 14041 14049 14078 14170 19113 19322 19323 19840 20096 20097 20098 20099 20100 20101 20102 20103 20104 20105 20106 20107 20108 20109 20110 20111 20112 20113 20114 20115 20116 20117 20118 
	}
	weather={
		period={
			between={ 0.0 30.11 }
			temperature={ -4.0 20.0 }
			no_phenomenon=0.500
			rain_light=0.300
			rain_heavy=0.050
			snow=0.200
			blizzard=0.000
			arctic_water=0.000
			mud=0.300
			sandstorm=0.000
			min_snow_level=0.000
		}
    }
}
