
strategic_region={
	id=99
	name="STRATEGICREGION_99"
	provinces={
		658 807 1045 1181 1705 1809 1942 1953 1969 2026 2052 3006 3044 3284 3322 3958 3980 4251 4708 4840 5002 5009 5099 5139 5188 5357 5818 5879 5900 5944 6029 6128 6495 6601 6618 6625 6763 6838 6949 6955 7103 7126 7155 7212 7314 7784 7990 8539 8641 8746 8761 8779 8855 8880 8883 8961 9080 9081 9217 9413 9448 9510 11312 11351 11352 11364 11371 11382 11416 11417 11445 11446 11472 11488 11498 11499 11505 11539 11551 11556 11628 11644 11662 11699 11709 11729 11743 11770 11821 11833 11834 11842 11852 11866 11886 11913 11943 11951 11969 11994 12039 12077 12100 12107 12130 12151 12157 12165 12181 12205 12206 12244 12249 12255 12256 12265 12266 12284 12297 12311 12312 12334 12335 12354 12361 12362 12376 12389 12399 12411 12412 12448 12494 19854 19870 19871 19872 19873 19874 19875 19876 19877 19878 19891 19892 19893 19894 19895 19896 19897 19898 19900 19901 19902 19903 20695 
	}
	weather={
		period={
			between={ 0.0 30.11 }
			temperature={ -4.0 20.0 }
			no_phenomenon=0.500
			rain_light=0.300
			rain_heavy=0.050
			snow=0.200
			blizzard=0.000
			arctic_water=0.000
			mud=0.300
			sandstorm=0.000
			min_snow_level=0.000
		}
	}
}
