
strategic_region={
	id=99
	name="STRATEGICREGION_99"
	provinces={
		14 306 478 510 583 730 793 928 1025 1180 1778 1833 2143 2469 3165 3215 3331 3461 3713 4105 4374 4560 4574 4895 4939 5134 5249 5342 5583 5626 5657 5950 6084 6108 6117 6137 6149 6235 6353 6368 6434 6523 6637 6670 7338 7389 7507 7707 8482 8932 9060 9303 9381 9440 9519 12811 12830 12849 12860 12878 12884 12913 12933 12965 13005 13034 13076 13084 13139 13140 13182 13183 13225 13233 13241 13249 13278 13282 13302 13367 13411 
	}
	weather={
	}
}
